57
Physalia_physalis_60544938          0.0000000 0.2965077 0.4131169 0.7473514 0.7507821 0.3362878 0.3064396 0.3181025 0.3401193 0.7100456 0.3273447 0.4039303 1.1486301 0.2564990 0.3245101 0.5191296 1.3038417 1.0856751 1.5887047 1.0507677 0.9221426 0.3096027 0.2940435 0.7809963 0.3992522 0.4156425 0.4061660 0.3992298 0.4540032 0.7090033 0.3023902 0.3966646 1.4481725 1.2958021 0.3938550 1.6885025 0.4039303 0.3538614 1.6180592 0.3461871 1.4697764 0.4847748 0.4346912 0.3966646 0.3876536 0.9980214 0.3175135 0.2907550 1.2133510 0.2359491 0.4317208 0.3555243 0.4025266 1.0201923 0.3574259 0.3893040 0.3906164 
Marrus_orthocanna_71725944          0.2965077 0.0000000 0.2064993 0.5709467 0.6320072 0.1385142 0.0590971 0.1402017 0.0781932 0.5562289 0.0729321 0.2810366 0.9007268 0.2353154 0.1903778 0.3347049 1.1855387 0.9645875 1.1312797 0.9939225 0.6769825 0.1341095 0.1165810 0.5344904 0.1770747 0.2033830 0.2102109 0.2546471 0.3402931 0.4779694 0.1265746 0.2226952 1.2403852 1.0794681 0.2121872 1.1339910 0.2810366 0.2432970 1.3284252 0.1874073 1.4823213 0.2816813 0.1818235 0.2226952 0.2196488 0.7289137 0.1267807 0.1210187 0.9718388 0.2147612 0.2441205 0.0907321 0.2726537 0.9108817 0.2378270 0.2417726 0.2250357 
Physophora_hydrostatica_71725942    0.4131169 0.2064993 0.0000000 0.6129220 0.6690699 0.1867152 0.1923601 0.2456929 0.2159575 0.6709992 0.2249658 0.3118270 0.9333680 0.3039785 0.2574276 0.4172313 1.1475177 1.0275092 1.3198865 0.9398676 0.6781682 0.2372911 0.2365700 0.6218423 0.2628245 0.2565377 0.2556781 0.3066387 0.2974426 0.5995707 0.2369876 0.2652185 1.3928159 1.0797131 0.2480924 1.3115574 0.3118270 0.2565407 1.5061869 0.2683511 1.3676688 0.3208060 0.0504660 0.2652185 0.2379896 0.7122599 0.2298972 0.2276230 1.0179256 0.3162795 0.2717279 0.2287140 0.3028492 0.9325886 0.2500473 0.2591657 0.2575784 
Desmophyes_haematogaster_71725940   0.7473514 0.5709467 0.6129220 0.0000000 1.1103809 0.5939820 0.5882789 0.5796395 0.5816757 0.8097882 0.5743664 0.6237022 1.0130801 0.7357629 0.6691072 0.6944384 1.3422960 1.0266026 1.5738634 1.0085914 0.8221596 0.5554343 0.5598174 0.8384213 0.6071249 0.5706059 0.5497923 0.6037192 0.6203321 0.9233380 0.5761051 0.6401113 1.5439611 1.2313696 0.5471186 1.6310529 0.6237022 0.5573176 1.7939758 0.6549237 1.7338549 0.6380147 0.5867472 0.6401113 0.5770095 0.7490517 0.5779739 0.5490612 1.1584336 0.6666121 0.6060291 0.6065531 0.6123914 1.1092530 0.5708180 0.5895369 0.5796562 
Stephanophyes_superba_71725945      0.7507821 0.6320072 0.6690699 1.1103809 0.0000000 0.5856406 0.6116938 0.6406273 0.6340449 1.0115408 0.6482834 0.6766139 1.1645449 0.6624173 0.7005913 0.7582145 1.3870428 1.1811779 1.3335251 1.0820843 1.1684960 0.6214043 0.5798654 0.8858305 0.5996076 0.6465631 0.6444033 0.6739267 0.7428432 0.7869863 0.5867605 0.6633823 1.4438572 1.3634196 0.6378514 1.2550123 0.6766139 0.6506448 1.4421622 0.6666363 1.4396206 0.7706473 0.6754082 0.6633823 0.6035834 1.0376468 0.6308708 0.5799340 1.2861215 0.6340362 0.6980276 0.5835966 0.6758274 1.0871856 0.6506448 0.6501521 0.6313169 
Lychnagalma_urticularia_71725943    0.3362878 0.1385142 0.1867152 0.5939820 0.5856406 0.0000000 0.1497747 0.1691415 0.1299528 0.6201082 0.1419754 0.2567607 0.7953211 0.2354941 0.2228970 0.3612871 1.1031599 0.9428442 1.1823731 0.8048639 0.6273079 0.1632349 0.1537403 0.4854204 0.2362090 0.1957339 0.1894008 0.2586314 0.3059819 0.4725030 0.1643987 0.2034301 1.2938939 1.0048953 0.1874598 1.2249178 0.2567607 0.2043463 1.2949719 0.2076875 1.2404031 0.2736420 0.1701314 0.2034301 0.1867993 0.6082593 0.1530418 0.1554513 0.8378774 0.2086072 0.2275595 0.1176229 0.2488262 0.8642262 0.1984945 0.1901612 0.1953612 
Marrus_claudanielis_71725941        0.3064396 0.0590971 0.1923601 0.5882789 0.6116938 0.1497747 0.0000000 0.1505764 0.0933969 0.5538120 0.0778562 0.2814612 0.8590337 0.2481509 0.1764039 0.3180227 1.1725733 0.9943163 1.1079448 1.0215395 0.7139141 0.1403972 0.1278070 0.5937656 0.1827073 0.2225248 0.2260836 0.2620533 0.3459990 0.4705607 0.1328930 0.2425684 1.2126583 1.0248286 0.2238880 1.1323822 0.2814612 0.2630120 1.2656329 0.1929330 1.4479017 0.2980005 0.1852785 0.2425684 0.2303432 0.7484368 0.1331076 0.1292532 0.9195189 0.2274187 0.2638469 0.1040865 0.2804454 0.8455831 0.2596967 0.2589970 0.2426590 
Bargmannia_elongata_60544975        0.3181025 0.1402017 0.2456929 0.5796395 0.6406273 0.1691415 0.1505764 0.0000000 0.1388849 0.5766234 0.1398642 0.3023184 0.8226939 0.2449441 0.2355661 0.3793485 1.1002545 0.9876598 1.0186326 0.9303397 0.6390683 0.1606186 0.1477676 0.5456323 0.1950186 0.2541221 0.2579830 0.2983338 0.3055081 0.4347446 0.1502925 0.2798178 1.1633422 1.0901040 0.2576304 1.0287362 0.3023184 0.2652670 1.2568652 0.2270004 1.6137381 0.2873342 0.2494726 0.2798178 0.2617186 0.7186402 0.0362491 0.1385523 0.8897643 0.2247035 0.2879275 0.1330567 0.2936159 1.0096798 0.2619398 0.2807630 0.2856719 
Erenna_sp_60544973                  0.3401193 0.0781932 0.2159575 0.5816757 0.6340449 0.1299528 0.0933969 0.1388849 0.0000000 0.5571980 0.0795860 0.2866228 0.9179834 0.2272950 0.2075521 0.3325552 1.1269204 0.8711916 1.1448412 0.9718175 0.6360745 0.1338754 0.1288298 0.5382481 0.1785325 0.2014684 0.2048242 0.2757552 0.3392851 0.4530199 0.1358863 0.2278507 1.2833482 1.0927265 0.2140461 1.1701971 0.2866228 0.2271140 1.3540211 0.1836967 1.5019975 0.3081350 0.1954381 0.2278507 0.2130908 0.7179451 0.1200468 0.1254942 0.9884675 0.2259212 0.2337067 0.0615877 0.2782383 0.8736539 0.2239942 0.2298475 0.2221959 
Gymnopraia_lapislazula_60544971     0.7100456 0.5562289 0.6709992 0.8097882 1.0115408 0.6201082 0.5538120 0.5766234 0.5571980 0.0000000 0.5922481 0.6591436 1.2381479 0.6707709 0.6429155 0.6742705 1.3154445 1.3718447 1.6791445 1.3276826 0.9234714 0.5664673 0.5388715 0.8335446 0.6576017 0.6681527 0.6661454 0.6331081 0.7118184 0.8345274 0.5428897 0.7356527 1.3036338 1.1578907 0.6677069 1.6201836 0.6591436 0.7695835 1.4537566 0.6441387 1.7597587 0.7077099 0.6803566 0.7356527 0.6973198 0.9424909 0.5719901 0.5523868 1.3887350 0.6622744 0.7305185 0.5749261 0.6446755 1.2117629 0.7548666 0.7406270 0.7450874 
Stephalia_dilata_60544969           0.3273447 0.0729321 0.2249658 0.5743664 0.6482834 0.1419754 0.0778562 0.1398642 0.0795860 0.5922481 0.0000000 0.2978043 0.8769369 0.2394920 0.1927208 0.3172045 1.1782262 1.0344530 1.2577825 1.0386077 0.6629521 0.1412044 0.1159047 0.5747301 0.1888018 0.2276280 0.2313681 0.2723579 0.3519103 0.4528216 0.1374571 0.2453788 1.3603906 1.1111106 0.2272577 1.2865464 0.2978043 0.2596005 1.3634599 0.1601785 1.4419469 0.3218907 0.2090049 0.2453788 0.2283622 0.7171256 0.1226120 0.1251422 0.9367969 0.2254910 0.2496162 0.0838467 0.2866682 0.9010011 0.2530906 0.2688274 0.2496007 
Forskalia_edwardsi_60544967         0.4039303 0.2810366 0.3118270 0.6237022 0.6766139 0.2567607 0.2814612 0.3023184 0.2866228 0.6591436 0.2978043 0.0000000 0.9052036 0.3508226 0.3574654 0.4658432 1.1179293 0.8410163 1.2985190 1.0061811 0.8592047 0.2368432 0.2376752 0.5607053 0.3030646 0.2946162 0.2935572 0.0569665 0.2009450 0.4794681 0.2305405 0.2970468 1.1674162 0.9565326 0.2838146 1.2576423 0.0000010 0.2962727 1.2071569 0.3493865 1.2391691 0.1165640 0.2951399 0.2970468 0.2824525 0.6806816 0.2873326 0.2376189 0.9700051 0.3283729 0.3083480 0.2867673 0.0058898 0.9707307 0.3002520 0.2871331 0.2868629 
Sulculeolaria_quadrivalvis_60544965 1.1486301 0.9007268 0.9333680 1.0130801 1.1645449 0.7953211 0.8590337 0.8226939 0.9179834 1.2381479 0.8769369 0.9052036 0.0000000 1.0242680 1.0114864 0.9208755 0.6218023 1.0890403 2.5248012 0.3820264 0.9160821 0.8635096 0.8019260 1.1396698 1.0886551 0.8540262 0.8224899 0.8544605 0.9254567 0.9861024 0.8578359 0.8875304 1.7367952 0.3171701 0.8262161 2.5740415 0.9052036 0.8054201 2.1242154 1.0650205 0.7594526 0.8889937 0.8529895 0.8875304 0.8653982 0.7448326 0.8133800 0.8085524 0.0830846 0.9341821 0.9198823 0.8515723 0.9095056 0.5641714 0.8108830 0.8732337 0.8813376 
Rhizophysa_eysenhardti_60544963     0.2564990 0.2353154 0.3039785 0.7357629 0.6624173 0.2354941 0.2481509 0.2449441 0.2272950 0.6707709 0.2394920 0.3508226 1.0242680 0.0000000 0.3224383 0.3993421 1.2104200 1.0835393 1.3479767 0.9625217 0.7705440 0.2039775 0.2079096 0.6563009 0.2995043 0.3335227 0.3285904 0.3474425 0.3986977 0.6172650 0.1962103 0.3236456 1.3730363 1.1828674 0.3224569 1.3370636 0.3508226 0.3437984 1.6107507 0.2898736 1.3799124 0.4153422 0.3062867 0.3236456 0.3182282 0.7704644 0.2127052 0.1996488 1.0949540 0.1162212 0.3391886 0.2168511 0.3412290 1.0164450 0.3398841 0.3299403 0.3208878 
Nectopyramis_natans_60544961        0.3245101 0.1903778 0.2574276 0.6691072 0.7005913 0.2228970 0.1764039 0.2355661 0.2075521 0.6429155 0.1927208 0.3574654 1.0114864 0.3224383 0.0000000 0.3619645 1.2100746 1.1798343 1.2612848 1.0431897 0.6479498 0.2093023 0.1957993 0.7027573 0.2324008 0.2848818 0.2839606 0.3349693 0.3857283 0.5489836 0.1981175 0.3137917 1.3651671 1.2220285 0.2826148 1.2839229 0.3574654 0.3183297 1.5724642 0.1666089 1.4907446 0.3588082 0.2294067 0.3137917 0.2866735 0.7760369 0.2371377 0.1927402 1.0750430 0.2833184 0.3115874 0.2174572 0.3527005 0.9990916 0.3145974 0.3196083 0.3039002 
Clausophyid_sp_60544959             0.5191296 0.3347049 0.4172313 0.6944384 0.7582145 0.3612871 0.3180227 0.3793485 0.3325552 0.6742705 0.3172045 0.4658432 0.9208755 0.3993421 0.3619645 0.0000000 1.0809640 0.8273394 1.2883576 0.9045038 0.5901127 0.3547863 0.3308194 0.6056306 0.3680969 0.4829179 0.4814282 0.4228652 0.4907339 0.6701007 0.3322957 0.4835752 1.2921237 1.0046780 0.5046294 1.1834640 0.4658432 0.4784044 1.6828770 0.3740069 1.5492874 0.4671914 0.3912814 0.4835752 0.4420786 0.6689988 0.3839761 0.3356009 1.0074475 0.4149366 0.4069490 0.3427360 0.4642212 0.9676039 0.4732930 0.4752816 0.4512550 
Abylopsis_tetragona_60544957        1.3038417 1.1855387 1.1475177 1.3422960 1.3870428 1.1031599 1.1725733 1.1002545 1.1269204 1.3154445 1.1782262 1.1179293 0.6218023 1.2104200 1.2100746 1.0809640 0.0000000 1.2073254 2.2071087 0.5204327 0.9610366 1.1179450 1.1088282 1.2378087 1.1374763 0.9128063 0.8998747 1.0728930 1.0186780 1.2827969 1.1027432 0.9745300 1.9087891 0.6541902 0.9142141 2.2697983 1.1179293 0.9802444 2.4603707 1.3870279 0.8222767 1.1567458 1.0426772 0.9745300 1.0389495 1.0393579 1.1171077 1.1033818 0.6548659 1.1879707 1.0805073 1.1325706 1.0944792 0.4364260 0.9702479 1.0397780 1.0140941 
Sphaeronectes_gracilis_60544955     1.0856751 0.9645875 1.0275092 1.0266026 1.1811779 0.9428442 0.9943163 0.9876598 0.8711916 1.3718447 1.0344530 0.8410163 1.0890403 1.0835393 1.1798343 0.8273394 1.2073254 0.0000000 1.9543235 0.9187260 1.0305268 1.0211731 0.9376445 1.1894551 0.9653317 0.8925022 0.8790951 0.8153419 0.8333108 1.1256654 0.9699000 0.8963781 1.7113259 1.1431088 0.8784185 1.7727121 0.8410163 0.8942998 1.7728422 1.1551984 1.5097018 0.9565040 1.0334017 0.8963781 0.7896744 0.8407024 0.9521176 0.9409448 1.0998512 1.0188917 0.8748175 0.9593818 0.8383761 1.1224722 0.9142388 0.9075418 0.8865283 
Hippopodius_hippopus_60544953       1.5887047 1.1312797 1.3198865 1.5738634 1.3335251 1.1823731 1.1079448 1.0186326 1.1448412 1.6791445 1.2577825 1.2985190 2.5248012 1.3479767 1.2612848 1.2883576 2.2071087 1.9543235 0.0000000 2.0968743 1.6966323 1.1185899 1.0966250 1.7450916 1.1482200 1.2199100 1.2356202 1.1597525 1.3632419 0.9703556 1.0787184 1.4192275 0.5302931 2.5374000 1.2491407 0.0647116 1.2985190 1.3343839 0.6877336 1.1499016 3.7843202 1.1488952 1.2588036 1.4192275 1.2162226 1.9738610 1.0206782 1.0916695 2.5856043 1.3267084 1.2951909 1.0918657 1.2774763 2.5014880 1.3035761 1.3038738 1.3662120 
Muggiaea_atlantica_60544949         1.0507677 0.9939225 0.9398676 1.0085914 1.0820843 0.8048639 1.0215395 0.9303397 0.9718175 1.3276826 1.0386077 1.0061811 0.3820264 0.9625217 1.0431897 0.9045038 0.5204327 0.9187260 2.0968743 0.0000000 0.7822310 0.9513805 0.9248307 1.0523335 0.9744640 0.9901946 0.9528352 0.9795555 0.9909177 1.1115810 0.9436554 0.9487689 1.5812056 0.3752856 0.9474322 2.0729547 1.0061811 0.9135167 2.2428294 1.1740495 0.7699136 0.9689555 0.8877636 0.9487689 0.8778008 0.7755709 0.9237738 0.9034979 0.4100740 0.9157101 0.9265169 0.9470865 0.9878383 0.4791145 0.9164102 0.9466479 0.9377432 
Chuniphyes_multidentata_60544947    0.9221426 0.6769825 0.6781682 0.8221596 1.1684960 0.6273079 0.7139141 0.6390683 0.6360745 0.9234714 0.6629521 0.8592047 0.9160821 0.7705440 0.6479498 0.5901127 0.9610366 1.0305268 1.6966323 0.7822310 0.0000000 0.6501875 0.6380216 0.7635191 0.6654110 0.6099722 0.6081938 0.8582150 0.8332388 0.9965495 0.6144037 0.6781640 1.5254630 1.0337309 0.6129593 1.7609772 0.8592047 0.6902563 2.0102403 0.7016971 1.3533181 0.8796455 0.6644164 0.6781640 0.7059070 0.3189148 0.6420959 0.6285701 0.9704592 0.7256054 0.7107828 0.6316941 0.8456787 0.8469246 0.6833221 0.6880772 0.6861558 
Apolemia_sp_60544945                0.3096027 0.1341095 0.2372911 0.5554343 0.6214043 0.1632349 0.1403972 0.1606186 0.1338754 0.5664673 0.1412044 0.2368432 0.8635096 0.2039775 0.2093023 0.3547863 1.1179450 1.0211731 1.1185899 0.9513805 0.6501875 0.0000000 0.0312600 0.5579455 0.1724865 0.2204752 0.2197336 0.2493865 0.3134729 0.4869694 0.0105253 0.2576953 1.2274705 1.1740737 0.2177752 1.0540888 0.2368432 0.2459713 1.2465093 0.2168640 1.4611892 0.2577492 0.2189930 0.2576953 0.2404177 0.6973760 0.1479903 0.0196932 0.9601291 0.1960643 0.2497479 0.1406067 0.2385200 0.9098204 0.2427130 0.2441329 0.2396030 
Apolemia_sp_60544943                0.2940435 0.1165810 0.2365700 0.5598174 0.5798654 0.1537403 0.1278070 0.1477676 0.1288298 0.5388715 0.1159047 0.2376752 0.8019260 0.2079096 0.1957993 0.3308194 1.1088282 0.9376445 1.0966250 0.9248307 0.6380216 0.0312600 0.0000000 0.5181385 0.1690253 0.2020405 0.2013710 0.2430998 0.2950139 0.4692151 0.0325613 0.2372807 1.1577833 1.0676242 0.1977246 1.0498170 0.2376752 0.2180280 1.2214399 0.1994794 1.3566475 0.2595231 0.2162481 0.2372807 0.2089884 0.6871312 0.1357776 0.0139072 0.8802218 0.1900232 0.2327127 0.1468334 0.2393213 0.9000009 0.2150400 0.2325154 0.2151520 
Rosacea_flaccida_60544941           0.7809963 0.5344904 0.6218423 0.8384213 0.8858305 0.4854204 0.5937656 0.5456323 0.5382481 0.8335446 0.5747301 0.5607053 1.1396698 0.6563009 0.7027573 0.6056306 1.2378087 1.1894551 1.7450916 1.0523335 0.7635191 0.5579455 0.5181385 0.0000000 0.5004014 0.5859346 0.5751331 0.5331064 0.5769567 0.8170206 0.5463743 0.6262135 1.5369162 1.2004138 0.5836862 1.5708127 0.5607053 0.5911599 1.4893656 0.6534102 1.6192637 0.5983839 0.5719056 0.6262135 0.5790759 0.8205647 0.5695814 0.5246354 1.1574326 0.6049542 0.6665110 0.5537111 0.5550731 1.0327674 0.5929293 0.6163893 0.5759668 
Praya_dubia_60544939                0.3992522 0.1770747 0.2628245 0.6071249 0.5996076 0.2362090 0.1827073 0.1950186 0.1785325 0.6576017 0.1888018 0.3030646 1.0886551 0.2995043 0.2324008 0.3680969 1.1374763 0.9653317 1.1482200 0.9744640 0.6654110 0.1724865 0.1690253 0.5004014 0.0000000 0.2759160 0.2749775 0.2973510 0.3083787 0.4147279 0.1705852 0.2943139 1.3639544 1.3013639 0.2831521 1.0665613 0.3030646 0.3168560 1.2400729 0.2158457 1.4702873 0.3025398 0.2467304 0.2943139 0.2989806 0.7823983 0.1894993 0.1695338 1.1549505 0.2845269 0.3064970 0.1867637 0.3019626 0.9217462 0.3094437 0.3203068 0.2912136 
Halistemma_rubrum_60544937          0.4156425 0.2033830 0.2565377 0.5706059 0.6465631 0.1957339 0.2225248 0.2541221 0.2014684 0.6681527 0.2276280 0.2946162 0.8540262 0.3335227 0.2848818 0.4829179 0.9128063 0.8925022 1.2199100 0.9901946 0.6099722 0.2204752 0.2020405 0.5859346 0.2759160 0.0000000 0.0051540 0.2786670 0.3179008 0.4994894 0.2069635 0.1142387 1.3251591 1.2024315 0.0157653 1.2582913 0.2946162 0.1089848 1.3848586 0.2981535 1.3040291 0.3196868 0.2603606 0.1142387 0.1518134 0.6530395 0.2360483 0.2091195 0.9273567 0.3100796 0.1734867 0.2032138 0.2887050 0.8320520 0.1047968 0.0982686 0.0933652 
Halistemma_rubrum_60544935          0.4061660 0.2102109 0.2556781 0.5497923 0.6444033 0.1894008 0.2260836 0.2579830 0.2048242 0.6661454 0.2313681 0.2935572 0.8224899 0.3285904 0.2839606 0.4814282 0.8998747 0.8790951 1.2356202 0.9528352 0.6081938 0.2197336 0.2013710 0.5751331 0.2749775 0.0051540 0.0000000 0.2776578 0.3167398 0.5055596 0.2062749 0.1092676 1.3162513 1.1817775 0.0103700 1.2747930 0.2935572 0.1041101 1.4177893 0.2971984 1.3095424 0.3185526 0.2594844 0.1092676 0.1462655 0.6393435 0.2352719 0.2084263 0.8995651 0.3054527 0.1676050 0.2065329 0.2876681 0.8280945 0.0999683 0.0935231 0.0909057 
Forskalia_tholoides_60544933        0.3992298 0.2546471 0.3066387 0.6037192 0.6739267 0.2586314 0.2620533 0.2983338 0.2757552 0.6331081 0.2723579 0.0569665 0.8544605 0.3474425 0.3349693 0.4228652 1.0728930 0.8153419 1.1597525 0.9795555 0.8582150 0.2493865 0.2430998 0.5331064 0.2973510 0.2786670 0.2776578 0.0000000 0.2085738 0.4696735 0.2426729 0.2865405 1.0633530 0.9318928 0.2754172 1.1336606 0.0569665 0.2886916 1.2436292 0.3076678 1.2346182 0.1034417 0.2995396 0.2865405 0.2458446 0.7103644 0.2833857 0.2430384 0.9355444 0.3185327 0.2762552 0.2682402 0.0503020 0.8971911 0.2926334 0.2796532 0.2793866 
Forskalia_asymmetrica_60544931      0.4540032 0.3402931 0.2974426 0.6203321 0.7428432 0.3059819 0.3459990 0.3055081 0.3392851 0.7118184 0.3519103 0.2009450 0.9254567 0.3986977 0.3857283 0.4907339 1.0186780 0.8333108 1.3632419 0.9909177 0.8332388 0.3134729 0.2950139 0.5769567 0.3083787 0.3179008 0.3167398 0.2085738 0.0000000 0.5288271 0.3043438 0.3209351 1.4377138 1.0840035 0.3181066 1.3698710 0.2009450 0.3155889 1.4435958 0.3586720 1.2870583 0.1747859 0.3061627 0.3209351 0.3011873 0.7383082 0.3106947 0.2917261 0.9761453 0.3688241 0.3227931 0.3291893 0.1956457 0.9707956 0.3116708 0.2968821 0.3154171 
Cordagalma_cordiforme_60544929      0.7090033 0.4779694 0.5995707 0.9233380 0.7869863 0.4725030 0.4705607 0.4347446 0.4530199 0.8345274 0.4528216 0.4794681 0.9861024 0.6172650 0.5489836 0.6701007 1.2827969 1.1256654 0.9703556 1.1115810 0.9965495 0.4869694 0.4692151 0.8170206 0.4147279 0.4994894 0.5055596 0.4696735 0.5288271 0.0000000 0.4940019 0.5175769 0.9157975 1.1403423 0.5152339 0.9838824 0.4794681 0.5352788 1.1053440 0.4872671 1.8497966 0.5053799 0.5800024 0.5175769 0.4723418 1.0260508 0.4719218 0.4766663 1.0698301 0.5838060 0.5378531 0.4412072 0.4748676 1.0677348 0.5335454 0.4882486 0.5382760 
Apolemia_sp_60544927                0.3023902 0.1265746 0.2369876 0.5761051 0.5867605 0.1643987 0.1328930 0.1502925 0.1358863 0.5428897 0.1374571 0.2305405 0.8578359 0.1962103 0.1981175 0.3322957 1.1027432 0.9699000 1.0787184 0.9436554 0.6144037 0.0105253 0.0325613 0.5463743 0.1705852 0.2069635 0.2062749 0.2426729 0.3043438 0.4940019 0.0000000 0.2502728 1.1956447 1.1514050 0.2101119 1.0125330 0.2305405 0.2430832 1.2188312 0.1997240 1.4399611 0.2528760 0.2190799 0.2502728 0.2285848 0.6737058 0.1399155 0.0211451 0.9403284 0.1891537 0.2479349 0.1353932 0.2321883 0.9360379 0.2398973 0.2442982 0.2398479 
Agalma_elegans_60544925             0.3966646 0.2226952 0.2652185 0.6401113 0.6633823 0.2034301 0.2425684 0.2798178 0.2278507 0.7356527 0.2453788 0.2970468 0.8875304 0.3236456 0.3137917 0.4835752 0.9745300 0.8963781 1.4192275 0.9487689 0.6781640 0.2576953 0.2372807 0.6262135 0.2943139 0.1142387 0.1092676 0.2865405 0.3209351 0.5175769 0.2502728 0.0000000 1.5051841 1.1716835 0.1065810 1.4214148 0.2970468 0.0779501 1.4960323 0.3181691 1.3554547 0.3299827 0.2713904 0.0000010 0.1577605 0.7174818 0.2586496 0.2407895 0.9320789 0.2943690 0.1713872 0.2264112 0.2910332 0.8937808 0.0758500 0.0651501 0.0552427 
Vogtia_pentacantha_60544974         1.4481725 1.2403852 1.3928159 1.5439611 1.4438572 1.2938939 1.2126583 1.1633422 1.2833482 1.3036338 1.3603906 1.1674162 1.7367952 1.3730363 1.3651671 1.2921237 1.9087891 1.7113259 0.5302931 1.5812056 1.5254630 1.2274705 1.1577833 1.5369162 1.3639544 1.3251591 1.3162513 1.0633530 1.4377138 0.9157975 1.1956447 1.5051841 0.0000000 2.0507650 1.3538556 0.5476171 1.1674162 1.5278160 0.6144926 1.2834776 2.6587372 1.1810266 1.4789121 1.5051841 1.3199392 1.8196036 1.2017921 1.1468271 1.9075523 1.3491665 1.3806213 1.2809157 1.1492495 1.5852083 1.5022814 1.4532682 1.4036787 
Lensia_conoidea_60544972            1.2958021 1.0794681 1.0797131 1.2313696 1.3634196 1.0048953 1.0248286 1.0901040 1.0927265 1.1578907 1.1111106 0.9565326 0.3171701 1.1828674 1.2220285 1.0046780 0.6541902 1.1431088 2.5374000 0.3752856 1.0337309 1.1740737 1.0676242 1.2004138 1.3013639 1.2024315 1.1817775 0.9318928 1.0840035 1.1403423 1.1514050 1.1716835 2.0507650 0.0000000 1.1696236 2.4952407 0.9565326 1.1540244 2.5414541 1.2930927 0.8769485 1.0266228 0.9882806 1.1716835 1.0510522 0.9122787 1.0524537 1.0535045 0.3227331 1.1187346 1.1283261 1.1382536 0.9585814 0.6070493 1.1560799 1.1631462 1.1149037 
Halistemma_rubrum_60544970          0.3938550 0.2121872 0.2480924 0.5471186 0.6378514 0.1874598 0.2238880 0.2576304 0.2140461 0.6677069 0.2272577 0.2838146 0.8262161 0.3224569 0.2826148 0.5046294 0.9142141 0.8784185 1.2491407 0.9474322 0.6129593 0.2177752 0.1977246 0.5836862 0.2831521 0.0157653 0.0103700 0.2754172 0.3181066 0.5152339 0.2101119 0.1065810 1.3538556 1.1696236 0.0000000 1.2946408 0.2838146 0.1040030 1.4063525 0.3063219 1.3296773 0.3139205 0.2566096 0.1065810 0.1460928 0.6587602 0.2349579 0.2081565 0.8971796 0.2981740 0.1758975 0.2103095 0.2780341 0.8306010 0.0998674 0.0961160 0.0866625 
Hippopodius_hippopus_60544968       1.6885025 1.1339910 1.3115574 1.6310529 1.2550123 1.2249178 1.1323822 1.0287362 1.1701971 1.6201836 1.2865464 1.2576423 2.5740415 1.3370636 1.2839229 1.1834640 2.2697983 1.7727121 0.0647116 2.0729547 1.7609772 1.0540888 1.0498170 1.5708127 1.0665613 1.2582913 1.2747930 1.1336606 1.3698710 0.9838824 1.0125330 1.4214148 0.5476171 2.4952407 1.2946408 0.0000000 1.2576423 1.3640926 0.6559980 1.1218043 3.9410841 1.1453890 1.2466048 1.4214148 1.2336765 2.2828716 1.0580013 1.0470788 2.7740626 1.2871928 1.3129767 1.1507687 1.2441113 2.4215843 1.3320339 1.3490384 1.3465175 
Forskalia_edwardsi_60544966         0.4039303 0.2810366 0.3118270 0.6237022 0.6766139 0.2567607 0.2814612 0.3023184 0.2866228 0.6591436 0.2978043 0.0000010 0.9052036 0.3508226 0.3574654 0.4658432 1.1179293 0.8410163 1.2985190 1.0061811 0.8592047 0.2368432 0.2376752 0.5607053 0.3030646 0.2946162 0.2935572 0.0569665 0.2009450 0.4794681 0.2305405 0.2970468 1.1674162 0.9565326 0.2838146 1.2576423 0.0000000 0.2962727 1.2071569 0.3493865 1.2391691 0.1165640 0.2951399 0.2970468 0.2824525 0.6806816 0.2873326 0.2376189 0.9700051 0.3283729 0.3083480 0.2867673 0.0058898 0.9707307 0.3002520 0.2871331 0.2868629 
Athorybia_rosacea_60544964          0.3538614 0.2432970 0.2565407 0.5573176 0.6506448 0.2043463 0.2630120 0.2652670 0.2271140 0.7695835 0.2596005 0.2962727 0.8054201 0.3437984 0.3183297 0.4784044 0.9802444 0.8942998 1.3343839 0.9135167 0.6902563 0.2459713 0.2180280 0.5911599 0.3168560 0.1089848 0.1041101 0.2886916 0.3155889 0.5352788 0.2430832 0.0779501 1.5278160 1.1540244 0.1040030 1.3640926 0.2962727 0.0000000 1.4386025 0.3196060 1.2924570 0.3312614 0.2630367 0.0779501 0.1414219 0.6988764 0.2510493 0.2205215 0.8564856 0.2933990 0.1465119 0.2309722 0.2902898 0.8511324 0.0051370 0.0626451 0.0732743 
Vogtia_glabra_60544962              1.6180592 1.3284252 1.5061869 1.7939758 1.4421622 1.2949719 1.2656329 1.2568652 1.3540211 1.4537566 1.3634599 1.2071569 2.1242154 1.6107507 1.5724642 1.6828770 2.4603707 1.7728422 0.6877336 2.2428294 2.0102403 1.2465093 1.2214399 1.4893656 1.2400729 1.3848586 1.4177893 1.2436292 1.4435958 1.1053440 1.2188312 1.4960323 0.6144926 2.5414541 1.4063525 0.6559980 1.2071569 1.4386025 0.0000000 1.2916508 3.1429320 1.3675787 1.5128006 1.4960323 1.2960756 2.1618347 1.3257216 1.2414448 2.3440933 1.4713530 1.4243281 1.3854994 1.2222148 2.4031720 1.4055054 1.4488378 1.4212036 
Nectadamas_diomedeae_60544960       0.3461871 0.1874073 0.2683511 0.6549237 0.6666363 0.2076875 0.1929330 0.2270004 0.1836967 0.6441387 0.1601785 0.3493865 1.0650205 0.2898736 0.1666089 0.3740069 1.3870279 1.1551984 1.1499016 1.1740495 0.7016971 0.2168640 0.1994794 0.6534102 0.2158457 0.2981535 0.2971984 0.3076678 0.3586720 0.4872671 0.1997240 0.3181691 1.2834776 1.2930927 0.3063219 1.1218043 0.3493865 0.3196060 1.2916508 0.0000000 1.5768958 0.3685686 0.2522491 0.3181691 0.2558444 0.7440271 0.2115284 0.1982098 1.0854228 0.2620932 0.3044386 0.1909105 0.3376399 1.0481312 0.3158521 0.3181654 0.3120922 
Chelophyes_appendiculata_60544958   1.4697764 1.4823213 1.3676688 1.7338549 1.4396206 1.2404031 1.4479017 1.6137381 1.5019975 1.7597587 1.4419469 1.2391691 0.7594526 1.3799124 1.4907446 1.5492874 0.8222767 1.5097018 3.7843202 0.7699136 1.3533181 1.4611892 1.3566475 1.6192637 1.4702873 1.3040291 1.3095424 1.2346182 1.2870583 1.8497966 1.4399611 1.3554547 2.6587372 0.8769485 1.3296773 3.9410841 1.2391691 1.2924570 3.1429320 1.5768958 0.0000000 1.3304200 1.2763037 1.3554547 1.3723175 1.1169870 1.5829496 1.3673701 0.7891475 1.3577409 1.4126742 1.4389100 1.2137816 0.9460230 1.3036339 1.3910243 1.3438904 
Forskalia_formosa_60544956          0.4847748 0.2816813 0.3208060 0.6380147 0.7706473 0.2736420 0.2980005 0.2873342 0.3081350 0.7077099 0.3218907 0.1165640 0.8889937 0.4153422 0.3588082 0.4671914 1.1567458 0.9565040 1.1488952 0.9689555 0.8796455 0.2577492 0.2595231 0.5983839 0.3025398 0.3196868 0.3185526 0.1034417 0.1747859 0.5053799 0.2528760 0.3299827 1.1810266 1.0266228 0.3139205 1.1453890 0.1165640 0.3312614 1.3675787 0.3685686 1.3304200 0.0000000 0.3141661 0.3299827 0.3280690 0.7949192 0.2997668 0.2553657 0.9554288 0.3878391 0.3254952 0.2997326 0.1088050 0.9820682 0.3273489 0.3145374 0.3152938 
Physophora_hydrostatica_60544954    0.4346912 0.1818235 0.0504660 0.5867472 0.6754082 0.1701314 0.1852785 0.2494726 0.1954381 0.6803566 0.2090049 0.2951399 0.8529895 0.3062867 0.2294067 0.3912814 1.0426772 1.0334017 1.2588036 0.8877636 0.6644164 0.2189930 0.2162481 0.5719056 0.2467304 0.2603606 0.2594844 0.2995396 0.3061627 0.5800024 0.2190799 0.2713904 1.4789121 0.9882806 0.2566096 1.2466048 0.2951399 0.2630367 1.5128006 0.2522491 1.2763037 0.3141661 0.0000000 0.2713904 0.2490249 0.6416515 0.2286413 0.2098459 0.9144232 0.2932434 0.2745868 0.2140540 0.2940629 0.8693767 0.2564549 0.2689739 0.2645186 
Agalma_elegans_60544952             0.3966646 0.2226952 0.2652185 0.6401113 0.6633823 0.2034301 0.2425684 0.2798178 0.2278507 0.7356527 0.2453788 0.2970468 0.8875304 0.3236456 0.3137917 0.4835752 0.9745300 0.8963781 1.4192275 0.9487689 0.6781640 0.2576953 0.2372807 0.6262135 0.2943139 0.1142387 0.1092676 0.2865405 0.3209351 0.5175769 0.2502728 0.0000010 1.5051841 1.1716835 0.1065810 1.4214148 0.2970468 0.0779501 1.4960323 0.3181691 1.3554547 0.3299827 0.2713904 0.0000000 0.1577605 0.7174818 0.2586496 0.2407895 0.9320789 0.2943690 0.1713872 0.2264112 0.2910332 0.8937808 0.0758500 0.0651501 0.0552427 
Nanomia_bijuga_60544950             0.3876536 0.2196488 0.2379896 0.5770095 0.6035834 0.1867993 0.2303432 0.2617186 0.2130908 0.6973198 0.2283622 0.2824525 0.8653982 0.3182282 0.2866735 0.4420786 1.0389495 0.7896744 1.2162226 0.8778008 0.7059070 0.2404177 0.2089884 0.5790759 0.2989806 0.1518134 0.1462655 0.2458446 0.3011873 0.4723418 0.2285848 0.1577605 1.3199392 1.0510522 0.1460928 1.2336765 0.2824525 0.1414219 1.2960756 0.2558444 1.3723175 0.3280690 0.2490249 0.1577605 0.0000000 0.6660670 0.2511364 0.2132587 0.9244263 0.3002733 0.1046243 0.2084127 0.2744919 0.8937588 0.1438177 0.1525765 0.1431814 
Clausophyes_ovata_60544948          0.9980214 0.7289137 0.7122599 0.7490517 1.0376468 0.6082593 0.7484368 0.7186402 0.7179451 0.9424909 0.7171256 0.6806816 0.7448326 0.7704644 0.7760369 0.6689988 1.0393579 0.8407024 1.9738610 0.7755709 0.3189148 0.6973760 0.6871312 0.8205647 0.7823983 0.6530395 0.6393435 0.7103644 0.7383082 1.0260508 0.6737058 0.7174818 1.8196036 0.9122787 0.6587602 2.2828716 0.6806816 0.6988764 2.1618347 0.7440271 1.1169870 0.7949192 0.6416515 0.7174818 0.6660670 0.0000000 0.6783111 0.6752567 0.8005781 0.7395620 0.7470783 0.6573781 0.6700984 0.8663373 0.6919150 0.6922875 0.6989252 
Bargmannia_amoena_60544946          0.3175135 0.1267807 0.2298972 0.5779739 0.6308708 0.1530418 0.1331076 0.0362491 0.1200468 0.5719901 0.1226120 0.2873326 0.8133800 0.2127052 0.2371377 0.3839761 1.1171077 0.9521176 1.0206782 0.9237738 0.6420959 0.1479903 0.1357776 0.5695814 0.1894993 0.2360483 0.2352719 0.2833857 0.3106947 0.4719218 0.1399155 0.2586496 1.2017921 1.0524537 0.2349579 1.0580013 0.2873326 0.2510493 1.3257216 0.2115284 1.5829496 0.2997668 0.2286413 0.2586496 0.2511364 0.6783111 0.0000000 0.1267565 0.8942963 0.2151621 0.2779140 0.1237756 0.2788626 1.0030070 0.2448268 0.2628736 0.2680960 
Apolemia_sp_60544944                0.2907550 0.1210187 0.2276230 0.5490612 0.5799340 0.1554513 0.1292532 0.1385523 0.1254942 0.5523868 0.1251422 0.2376189 0.8085524 0.1996488 0.1927402 0.3356009 1.1033818 0.9409448 1.0916695 0.9034979 0.6285701 0.0196932 0.0139072 0.5246354 0.1695338 0.2091195 0.2084263 0.2430384 0.2917261 0.4766663 0.0211451 0.2407895 1.1468271 1.0535045 0.2081565 1.0470788 0.2376189 0.2205215 1.2414448 0.1982098 1.3673701 0.2553657 0.2098459 0.2407895 0.2132587 0.6752567 0.1267565 0.0000000 0.8934512 0.1928369 0.2413901 0.1400422 0.2392637 0.8891353 0.2174966 0.2401032 0.2205003 
Sulculeolaria_quadrivalvis_60544942 1.2133510 0.9718388 1.0179256 1.1584336 1.2861215 0.8378774 0.9195189 0.8897643 0.9884675 1.3887350 0.9367969 0.9700051 0.0830846 1.0949540 1.0750430 1.0074475 0.6548659 1.0998512 2.5856043 0.4100740 0.9704592 0.9601291 0.8802218 1.1574326 1.1549505 0.9273567 0.8995651 0.9355444 0.9761453 1.0698301 0.9403284 0.9320789 1.9075523 0.3227331 0.8971796 2.7740626 0.9700051 0.8564856 2.3440933 1.0854228 0.7891475 0.9554288 0.9144232 0.9320789 0.9244263 0.8005781 0.8942963 0.8934512 0.0000000 0.9641740 0.9611909 0.9249284 0.9684474 0.6269077 0.8590992 0.9486708 0.9205721 
Rhizophysa_filiformis_60544940      0.2359491 0.2147612 0.3162795 0.6666121 0.6340362 0.2086072 0.2274187 0.2247035 0.2259212 0.6622744 0.2254910 0.3283729 0.9341821 0.1162212 0.2833184 0.4149366 1.1879707 1.0188917 1.3267084 0.9157101 0.7256054 0.1960643 0.1900232 0.6049542 0.2845269 0.3100796 0.3054527 0.3185327 0.3688241 0.5838060 0.1891537 0.2943690 1.3491665 1.1187346 0.2981740 1.2871928 0.3283729 0.2933990 1.4713530 0.2620932 1.3577409 0.3878391 0.2932434 0.2943690 0.3002733 0.7395620 0.2151621 0.1928369 0.9641740 0.0000000 0.3467384 0.2107537 0.3193129 0.9999421 0.2898892 0.2953391 0.2930817 
Nanomia_bijuga_60544936             0.4317208 0.2441205 0.2717279 0.6060291 0.6980276 0.2275595 0.2638469 0.2879275 0.2337067 0.7305185 0.2496162 0.3083480 0.9198823 0.3391886 0.3115874 0.4069490 1.0805073 0.8748175 1.2951909 0.9265169 0.7107828 0.2497479 0.2327127 0.6665110 0.3064970 0.1734867 0.1676050 0.2762552 0.3227931 0.5378531 0.2479349 0.1713872 1.3806213 1.1283261 0.1758975 1.3129767 0.3083480 0.1465119 1.4243281 0.3044386 1.4126742 0.3254952 0.2745868 0.1713872 0.1046243 0.7470783 0.2779140 0.2413901 0.9611909 0.3467384 0.0000000 0.2340752 0.3001404 0.9698626 0.1439984 0.1620341 0.1451046 
Stephanomia_amphytridis_60544934    0.3555243 0.0907321 0.2287140 0.6065531 0.5835966 0.1176229 0.1040865 0.1330567 0.0615877 0.5749261 0.0838467 0.2867673 0.8515723 0.2168511 0.2174572 0.3427360 1.1325706 0.9593818 1.0918657 0.9470865 0.6316941 0.1406067 0.1468334 0.5537111 0.1867637 0.2032138 0.2065329 0.2682402 0.3291893 0.4412072 0.1353932 0.2264112 1.2809157 1.1382536 0.2103095 1.1507687 0.2867673 0.2309722 1.3854994 0.1909105 1.4389100 0.2997326 0.2140540 0.2264112 0.2084127 0.6573781 0.1237756 0.1400422 0.9249284 0.2107537 0.2340752 0.0000000 0.2783825 0.8823763 0.2279086 0.2330872 0.2244354 
Forskalia_edwardsi_60544932         0.4025266 0.2726537 0.3028492 0.6123914 0.6758274 0.2488262 0.2804454 0.2936159 0.2782383 0.6446755 0.2866682 0.0058898 0.9095056 0.3412290 0.3527005 0.4642212 1.0944792 0.8383761 1.2774763 0.9878383 0.8456787 0.2385200 0.2393213 0.5550731 0.3019626 0.2887050 0.2876681 0.0503020 0.1956457 0.4748676 0.2321883 0.2910332 1.1492495 0.9585814 0.2780341 1.2441113 0.0058898 0.2902898 1.2222148 0.3376399 1.2137816 0.1088050 0.2940629 0.2910332 0.2744919 0.6700984 0.2788626 0.2392637 0.9684474 0.3193129 0.3001404 0.2783825 0.0000000 0.9677665 0.2942119 0.2812922 0.2810266 
Diphyes_dispar_60544930             1.0201923 0.9108817 0.9325886 1.1092530 1.0871856 0.8642262 0.8455831 1.0096798 0.8736539 1.2117629 0.9010011 0.9707307 0.5641714 1.0164450 0.9990916 0.9676039 0.4364260 1.1224722 2.5014880 0.4791145 0.8469246 0.9098204 0.9000009 1.0327674 0.9217462 0.8320520 0.8280945 0.8971911 0.9707956 1.0677348 0.9360379 0.8937808 1.5852083 0.6070493 0.8306010 2.4215843 0.9707307 0.8511324 2.4031720 1.0481312 0.9460230 0.9820682 0.8693767 0.8937808 0.8937588 0.8663373 1.0030070 0.8891353 0.6269077 0.9999421 0.9698626 0.8823763 0.9677665 0.0000000 0.8723185 0.8561880 0.8384444 
Athorybia_rosacea_60544928          0.3574259 0.2378270 0.2500473 0.5708180 0.6506448 0.1984945 0.2596967 0.2619398 0.2239942 0.7548666 0.2530906 0.3002520 0.8108830 0.3398841 0.3145974 0.4732930 0.9702479 0.9142388 1.3035761 0.9164102 0.6833221 0.2427130 0.2150400 0.5929293 0.3094437 0.1047968 0.0999683 0.2926334 0.3116708 0.5335454 0.2398973 0.0758500 1.5022814 1.1560799 0.0998674 1.3320339 0.3002520 0.0051370 1.4055054 0.3158521 1.3036339 0.3273489 0.2564549 0.0758500 0.1438177 0.6919150 0.2448268 0.2174966 0.8590992 0.2898892 0.1439984 0.2279086 0.2942119 0.8723185 0.0000000 0.0606474 0.0712116 
Agalma_okeni_60544926               0.3893040 0.2417726 0.2591657 0.5895369 0.6501521 0.1901612 0.2589970 0.2807630 0.2298475 0.7406270 0.2688274 0.2871331 0.8732337 0.3299403 0.3196083 0.4752816 1.0397780 0.9075418 1.3038738 0.9466479 0.6880772 0.2441329 0.2325154 0.6163893 0.3203068 0.0982686 0.0935231 0.2796532 0.2968821 0.4882486 0.2442982 0.0651501 1.4532682 1.1631462 0.0961160 1.3490384 0.2871331 0.0626451 1.4488378 0.3181654 1.3910243 0.3145374 0.2689739 0.0651501 0.1525765 0.6922875 0.2628736 0.2401032 0.9486708 0.2953391 0.1620341 0.2330872 0.2812922 0.8561880 0.0606474 0.0000000 0.0509290 
Agalma_clausi_60544924              0.3906164 0.2250357 0.2575784 0.5796562 0.6313169 0.1953612 0.2426590 0.2856719 0.2221959 0.7450874 0.2496007 0.2868629 0.8813376 0.3208878 0.3039002 0.4512550 1.0140941 0.8865283 1.3662120 0.9377432 0.6861558 0.2396030 0.2151520 0.5759668 0.2912136 0.0933652 0.0909057 0.2793866 0.3154171 0.5382760 0.2398479 0.0552427 1.4036787 1.1149037 0.0866625 1.3465175 0.2868629 0.0732743 1.4212036 0.3120922 1.3438904 0.3152938 0.2645186 0.0552427 0.1431814 0.6989252 0.2680960 0.2205003 0.9205721 0.2930817 0.1451046 0.2244354 0.2810266 0.8384444 0.0712116 0.0509290 0.0000000 
