103
Nectopyramis_sp_15282083                   0.0000000 0.0667774 0.0698463 0.0791210 0.0660622 0.0533351 0.0318943 0.0611525 0.1372378 0.1343292 0.1272417 0.0979558 0.0764668 0.0366326 0.0359049 0.0448658 0.0321893 0.0101292 0.0101167 0.0125773 0.0070485 0.0023027 0.0052505 0.0156917 0.0040489 0.0120086 0.0046489 0.0100843 0.0000010 0.0094715 0.0089052 0.0094873 0.0058617 0.0714785 0.0580164 0.0748369 0.0341549 0.0453220 0.0540886 0.0277630 0.0291181 0.0306995 0.0718390 0.0538951 0.0765203 0.0711986 0.0787336 0.1207439 0.1187442 0.1583402 0.0389842 0.0309980 0.0253716 0.0484990 0.0333113 0.0515889 0.1426394 0.0391308 0.0397548 0.0326999 0.0600942 0.0535816 0.0357386 0.0545383 0.1330409 0.1753923 0.0326127 0.0305109 0.0322787 0.0308754 0.0324135 0.1338827 0.0303075 0.0349804 0.0338627 0.0544955 0.0339438 0.0392663 0.0456083 0.0280743 0.0404751 0.0529903 0.0359614 0.0347302 0.0353335 0.0380433 0.0311548 0.1191780 0.0249123 0.1447878 0.0511921 0.0292214 0.0310825 0.1374694 0.2440375 0.2367787 0.0375287 0.1451048 0.0506836 0.1251054 0.0302815 0.0526104 0.0290307 
Hydra_circumcincta_15282084                0.0667774 0.0000000 0.0890177 0.1014790 0.0816927 0.0741504 0.0585075 0.0931141 0.1466233 0.1439971 0.1411935 0.1169838 0.0948898 0.0652553 0.0651111 0.0695544 0.0529884 0.0699606 0.0686327 0.0690409 0.0676818 0.0694487 0.0740526 0.0645669 0.0688049 0.0714780 0.0706197 0.0683530 0.0697283 0.0682552 0.0680301 0.0681138 0.0677202 0.0868863 0.0780464 0.0861679 0.0607873 0.0458899 0.0714681 0.0504321 0.0545561 0.0588553 0.0978918 0.0764209 0.0970997 0.0870318 0.1015175 0.1486171 0.1497010 0.1738018 0.0593417 0.0569716 0.0540036 0.0740242 0.0534683 0.0647104 0.1397001 0.0556337 0.0645822 0.0588030 0.0678712 0.0588953 0.0665554 0.0602361 0.1698331 0.2044286 0.0629806 0.0620085 0.0575602 0.0578432 0.0491942 0.1433120 0.0534999 0.0632042 0.0561581 0.0587886 0.0516552 0.0568262 0.0688989 0.0555599 0.0694487 0.0558516 0.0597947 0.0629943 0.0598855 0.0590289 0.0562486 0.1533196 0.0593946 0.1513493 0.0509955 0.0500760 0.0577939 0.1653169 0.2659213 0.2604700 0.0636210 0.1512147 0.0787586 0.1606617 0.0576789 0.0685822 0.0524892 
Aegina_citrea_15429261                     0.0698463 0.0890177 0.0000000 0.0287266 0.0411441 0.0305871 0.0698255 0.1021656 0.1629164 0.1653624 0.1669921 0.1388401 0.0948907 0.0616373 0.0599826 0.0704686 0.0565161 0.0703305 0.0692024 0.0690305 0.0706340 0.0711239 0.0759929 0.0674413 0.0701847 0.0673615 0.0702152 0.0656899 0.0730463 0.0627959 0.0673462 0.0719175 0.0680701 0.0158847 0.0451203 0.0570283 0.0635898 0.0657500 0.0808315 0.0574774 0.0630878 0.0561935 0.0071265 0.0432624 0.0502681 0.0455087 0.0510356 0.1715484 0.1562560 0.1874529 0.0619122 0.0658894 0.0587607 0.0703093 0.0596314 0.0681861 0.1835403 0.0598029 0.0611028 0.0639054 0.0850676 0.0780576 0.0611169 0.0856490 0.1961041 0.2127817 0.0621312 0.0669827 0.0623682 0.0593857 0.0603268 0.1680537 0.0555445 0.0611189 0.0619678 0.0771713 0.0627273 0.0656130 0.0642238 0.0572928 0.0632955 0.0746313 0.0603271 0.0624056 0.0637166 0.0635962 0.0614016 0.1653335 0.0570293 0.1573536 0.0765026 0.0603059 0.0631508 0.1760651 0.2896900 0.2910042 0.0628936 0.1664079 0.0754680 0.1770125 0.0594955 0.0711831 0.0597908 
Solmissus_marshalli_15429263               0.0791210 0.1014790 0.0287266 0.0000000 0.0632029 0.0445841 0.0830021 0.1117598 0.1717593 0.1747859 0.1715419 0.1476893 0.1074712 0.0658662 0.0641593 0.0784593 0.0650263 0.0803137 0.0804567 0.0777134 0.0810660 0.0806920 0.0841772 0.0781300 0.0796953 0.0776435 0.0797331 0.0749359 0.0827412 0.0739337 0.0776260 0.0824804 0.0783713 0.0301296 0.0582312 0.0670339 0.0711840 0.0723056 0.0877171 0.0621194 0.0719937 0.0665425 0.0299170 0.0519389 0.0703138 0.0689150 0.0696819 0.2014291 0.1858835 0.1943492 0.0678060 0.0700356 0.0683433 0.0782382 0.0685171 0.0756623 0.2028125 0.0721433 0.0655066 0.0645523 0.0944613 0.0784040 0.0654660 0.0838387 0.2194089 0.2534591 0.0725005 0.0753630 0.0668116 0.0620435 0.0710549 0.1798405 0.0636445 0.0728646 0.0703196 0.0801601 0.0741421 0.0760036 0.0614970 0.0656293 0.0659820 0.0748484 0.0709292 0.0743858 0.0746489 0.0747151 0.0724743 0.1966465 0.0656456 0.1738140 0.0814334 0.0695190 0.0654742 0.2085449 0.3199861 0.3322851 0.0750581 0.1769676 0.0824765 0.2074631 0.0677940 0.0771670 0.0644005 
Pantachogon_haeckeli_15429265              0.0660622 0.0816927 0.0411441 0.0632029 0.0000000 0.0276838 0.0642704 0.0961780 0.1486504 0.1501693 0.1544854 0.1310221 0.0888791 0.0585990 0.0570035 0.0649968 0.0494437 0.0692291 0.0678921 0.0669441 0.0692787 0.0671907 0.0718164 0.0624563 0.0662978 0.0653353 0.0665623 0.0645195 0.0690174 0.0597386 0.0661038 0.0673642 0.0677565 0.0519439 0.0441865 0.0641432 0.0559596 0.0663500 0.0680939 0.0490739 0.0559670 0.0476297 0.0465476 0.0419519 0.0110844 0.0023666 0.0160343 0.1580644 0.1422794 0.1795384 0.0572507 0.0566120 0.0513500 0.0657781 0.0507121 0.0637601 0.1697802 0.0567657 0.0562311 0.0536332 0.0795637 0.0690438 0.0581518 0.0764109 0.1830832 0.2107381 0.0554333 0.0542556 0.0529130 0.0515710 0.0539291 0.1533497 0.0521420 0.0531340 0.0532344 0.0717079 0.0574778 0.0605199 0.0536004 0.0544629 0.0605732 0.0695834 0.0529262 0.0534158 0.0545066 0.0554455 0.0538327 0.1529055 0.0529676 0.1628138 0.0691469 0.0487897 0.0541962 0.1722321 0.2828808 0.2816778 0.0546194 0.1594913 0.0662343 0.1676234 0.0566387 0.0670692 0.0510922 
Haliscera_conica_15429267                  0.0533351 0.0741504 0.0305871 0.0445841 0.0276838 0.0000000 0.0529005 0.0899009 0.1463064 0.1478625 0.1484697 0.1231923 0.0878704 0.0429008 0.0414303 0.0521971 0.0335444 0.0530750 0.0528064 0.0525949 0.0541715 0.0539569 0.0574124 0.0463497 0.0546068 0.0511626 0.0531396 0.0498216 0.0556588 0.0482172 0.0511511 0.0537460 0.0518347 0.0402738 0.0253529 0.0428152 0.0471098 0.0551256 0.0624142 0.0406880 0.0433064 0.0378964 0.0351032 0.0243034 0.0384709 0.0321044 0.0393396 0.1646043 0.1516626 0.1776222 0.0444093 0.0438023 0.0392687 0.0506326 0.0341480 0.0505403 0.1644008 0.0440543 0.0408298 0.0407167 0.0573435 0.0620599 0.0426839 0.0655926 0.1770062 0.2013237 0.0405965 0.0392487 0.0426669 0.0403576 0.0422528 0.1519792 0.0380648 0.0421427 0.0424229 0.0612373 0.0443644 0.0477408 0.0484901 0.0393182 0.0443830 0.0610664 0.0371120 0.0361086 0.0383669 0.0373107 0.0398934 0.1606650 0.0392635 0.1516440 0.0580597 0.0341754 0.0433280 0.1748238 0.2849039 0.2771872 0.0432963 0.1575724 0.0571645 0.1695819 0.0415621 0.0542794 0.0424608 
Physalia_physalis_15429268                 0.0318943 0.0585075 0.0698255 0.0830021 0.0642704 0.0529005 0.0000000 0.0694057 0.1280637 0.1261796 0.1269899 0.0890953 0.0755956 0.0460847 0.0453073 0.0406900 0.0364300 0.0321490 0.0319124 0.0320672 0.0311709 0.0316344 0.0346024 0.0285654 0.0336865 0.0299919 0.0337957 0.0317995 0.0331749 0.0332016 0.0299628 0.0313374 0.0312769 0.0755548 0.0560263 0.0723542 0.0377390 0.0438378 0.0538071 0.0312868 0.0307430 0.0365126 0.0748757 0.0497355 0.0768686 0.0692792 0.0830304 0.1315529 0.1385807 0.1606466 0.0378343 0.0358367 0.0296356 0.0510634 0.0348611 0.0498615 0.1303260 0.0363800 0.0454637 0.0359401 0.0591173 0.0506025 0.0386742 0.0599731 0.1423592 0.1866332 0.0401635 0.0387304 0.0359843 0.0354848 0.0365910 0.1255678 0.0339555 0.0403737 0.0365942 0.0523332 0.0367940 0.0397161 0.0465839 0.0340058 0.0438055 0.0494325 0.0399352 0.0415666 0.0400081 0.0381468 0.0369343 0.1384196 0.0344007 0.1294259 0.0475050 0.0335370 0.0361380 0.1433098 0.2390833 0.2305371 0.0431667 0.1351788 0.0575412 0.1400333 0.0362167 0.0561045 0.0326869 
Melicertissa_sp_15429277                   0.0611525 0.0931141 0.1021656 0.1117598 0.0961780 0.0899009 0.0694057 0.0000000 0.1591264 0.1570829 0.1508140 0.1069339 0.1050307 0.0675687 0.0666450 0.0778155 0.0644349 0.0658415 0.0671895 0.0633644 0.0641393 0.0611573 0.0623027 0.0692639 0.0635808 0.0630798 0.0628969 0.0682021 0.0631152 0.0609645 0.0646921 0.0655653 0.0659804 0.1058013 0.0910577 0.1036407 0.0504770 0.0728908 0.0818349 0.0565394 0.0601544 0.0654388 0.1116505 0.0887885 0.1075617 0.1079854 0.1167959 0.1357097 0.1354151 0.1572502 0.0566248 0.0629539 0.0566873 0.0834547 0.0636080 0.0774387 0.1542055 0.0608419 0.0657946 0.0654833 0.0936953 0.0811117 0.0616764 0.0788520 0.1476681 0.1815808 0.0678943 0.0635244 0.0640564 0.0593320 0.0674468 0.1640056 0.0572250 0.0654155 0.0664133 0.0770046 0.0710386 0.0600683 0.0683047 0.0571160 0.0694615 0.0746598 0.0708859 0.0715122 0.0706790 0.0672920 0.0621844 0.1368338 0.0590293 0.1463006 0.0783334 0.0626160 0.0583321 0.1510816 0.2588396 0.2749893 0.0682690 0.1668273 0.0825053 0.1421469 0.0593156 0.0830361 0.0580945 
Aequorea_aequorea_15429278                 0.1372378 0.1466233 0.1629164 0.1717593 0.1486504 0.1463064 0.1280637 0.1591264 0.0000000 0.0027798 0.0162897 0.0736074 0.1574489 0.1294124 0.1272635 0.1429632 0.1298599 0.1364332 0.1370834 0.1391239 0.1386595 0.1407747 0.1456662 0.1312533 0.1430492 0.1347846 0.1410822 0.1399033 0.1425335 0.1379991 0.1370046 0.1377097 0.1368491 0.1635723 0.1544921 0.1524556 0.1202529 0.1378806 0.1321645 0.1215113 0.1233257 0.1258740 0.1628315 0.1554095 0.1591313 0.1633105 0.1551105 0.2257526 0.2382098 0.2272480 0.1295396 0.1378646 0.1225197 0.1461576 0.1338053 0.1429544 0.1096255 0.1316345 0.1369324 0.1315520 0.1523016 0.1495266 0.1299476 0.1559994 0.2424930 0.3168223 0.1390924 0.1281358 0.1325545 0.1291442 0.1310639 0.0105375 0.1293244 0.1357207 0.1349690 0.1496277 0.1349554 0.1386677 0.1187122 0.1334029 0.1331848 0.1446607 0.1394667 0.1402054 0.1374087 0.1452481 0.1423473 0.2309954 0.1326874 0.0858448 0.1442007 0.1312447 0.1268460 0.2450835 0.3441240 0.3514445 0.1438657 0.0344555 0.1467160 0.2369669 0.1350167 0.1312240 0.1243549 
Aequorea_victoria_15429279                 0.1343292 0.1439971 0.1653624 0.1747859 0.1501693 0.1478625 0.1261796 0.1570829 0.0027798 0.0000000 0.0154077 0.0741020 0.1546736 0.1274584 0.1252679 0.1404073 0.1319568 0.1355003 0.1361467 0.1381646 0.1377066 0.1398116 0.1446530 0.1303730 0.1420670 0.1338613 0.1401212 0.1389388 0.1415517 0.1370556 0.1360624 0.1367646 0.1359082 0.1668120 0.1580275 0.1569130 0.1191162 0.1369963 0.1322169 0.1196186 0.1253519 0.1268249 0.1683604 0.1563138 0.1627211 0.1669529 0.1596130 0.2316386 0.2350043 0.2287176 0.1296115 0.1378763 0.1226415 0.1450494 0.1354160 0.1429284 0.1089542 0.1316916 0.1359453 0.1316118 0.1511762 0.1494533 0.1290414 0.1548644 0.2417357 0.3218401 0.1380928 0.1272635 0.1326049 0.1292182 0.1311255 0.0098827 0.1293982 0.1357488 0.1350018 0.1485385 0.1339961 0.1386734 0.1178723 0.1334471 0.1322174 0.1436230 0.1394667 0.1403463 0.1375433 0.1441995 0.1413419 0.2312934 0.1317692 0.0875828 0.1431753 0.1312036 0.1268407 0.2494338 0.3467082 0.3536820 0.1428149 0.0342969 0.1456244 0.2420112 0.1349455 0.1311837 0.1243692 
Blackfordia_virginica_15429280             0.1272417 0.1411935 0.1669921 0.1715419 0.1544854 0.1484697 0.1269899 0.1508140 0.0162897 0.0154077 0.0000000 0.0759709 0.1495952 0.1264432 0.1242386 0.1383222 0.1319126 0.1288781 0.1287333 0.1340639 0.1291241 0.1324192 0.1371730 0.1293456 0.1346650 0.1297459 0.1327634 0.1303399 0.1341215 0.1341221 0.1285998 0.1301276 0.1284469 0.1700302 0.1582464 0.1576806 0.1180283 0.1323517 0.1301765 0.1176980 0.1233864 0.1248422 0.1723415 0.1570382 0.1709841 0.1731595 0.1625280 0.2284732 0.2357767 0.2241706 0.1286059 0.1359470 0.1206396 0.1440046 0.1353991 0.1419972 0.1132362 0.1306938 0.1338781 0.1295718 0.1502388 0.1475988 0.1289467 0.1550167 0.2390850 0.3047804 0.1380747 0.1250546 0.1306418 0.1281981 0.1310731 0.0141718 0.1283856 0.1337474 0.1320975 0.1455299 0.1349687 0.1367656 0.1148151 0.1305408 0.1321471 0.1416404 0.1414978 0.1413930 0.1405504 0.1452718 0.1337211 0.2293637 0.1295643 0.0899549 0.1422032 0.1311526 0.1249049 0.2503665 0.3436766 0.3506540 0.1418127 0.0381453 0.1414781 0.2399226 0.1320965 0.1292572 0.1224249 
Tiaropsidium_kelseyi_15429281              0.0979558 0.1169838 0.1388401 0.1476893 0.1310221 0.1231923 0.0890953 0.1069339 0.0736074 0.0741020 0.0759709 0.0000000 0.1124092 0.1034637 0.1014529 0.1074240 0.1030133 0.0983826 0.0949925 0.0992276 0.0962495 0.0993059 0.1014946 0.0992195 0.1004041 0.0962959 0.0988918 0.0981900 0.1029181 0.1028046 0.0970491 0.0968825 0.0985282 0.1470609 0.1292470 0.1514533 0.0942476 0.1031729 0.0982639 0.0941893 0.0981609 0.1009803 0.1530909 0.1284106 0.1446671 0.1450306 0.1359422 0.1852587 0.1901824 0.1746779 0.0965036 0.1002194 0.0995661 0.1252793 0.1070441 0.1213880 0.0673122 0.0994664 0.1196165 0.1118577 0.1176714 0.1114486 0.1099189 0.1190029 0.1988256 0.2426931 0.1112062 0.0997818 0.1080283 0.1020937 0.1046121 0.0777157 0.1005357 0.1084119 0.1029514 0.1187307 0.1094668 0.1073681 0.0968803 0.1024605 0.1144377 0.1118079 0.1122205 0.1133587 0.1094665 0.1171734 0.1069853 0.1974184 0.1032525 0.0901626 0.1101290 0.1054575 0.0993987 0.1928420 0.3110574 0.3120612 0.1150369 0.0849559 0.1145426 0.1925400 0.1043612 0.1058145 0.0980086 
Moerisia_sp_15429284                       0.0764668 0.0948898 0.0948907 0.1074712 0.0888791 0.0878704 0.0755956 0.1050307 0.1574489 0.1546736 0.1495952 0.1124092 0.0000000 0.0625562 0.0609114 0.0742717 0.0673557 0.0791835 0.0822170 0.0808318 0.0785914 0.0796527 0.0820507 0.0786567 0.0803145 0.0791284 0.0796235 0.0809409 0.0800010 0.0815061 0.0836026 0.0788250 0.0795556 0.1021130 0.0980355 0.1120942 0.0738174 0.0806137 0.0633927 0.0582464 0.0681980 0.0671771 0.1028359 0.0836046 0.0999510 0.0960290 0.1041096 0.1812482 0.1785518 0.1890787 0.0683759 0.0686211 0.0641604 0.0754416 0.0720732 0.0764633 0.1710589 0.0696864 0.0725761 0.0689494 0.0897074 0.0801825 0.0701587 0.0798872 0.1969603 0.2338182 0.0725662 0.0679241 0.0702596 0.0646029 0.0666065 0.1562823 0.0684701 0.0707953 0.0746672 0.0857219 0.0702371 0.0728998 0.0608747 0.0653956 0.0682195 0.0828838 0.0722199 0.0773878 0.0739585 0.0770989 0.0709409 0.1845551 0.0662733 0.1834304 0.0784301 0.0658732 0.0623739 0.1896064 0.3060345 0.2939748 0.0751309 0.1684528 0.0695198 0.1893854 0.0675286 0.0808838 0.0605877 
Porpita_sp_15429287                        0.0366326 0.0652553 0.0616373 0.0658662 0.0585990 0.0429008 0.0460847 0.0675687 0.1294124 0.1274584 0.1264432 0.1034637 0.0625562 0.0000000 0.0011002 0.0351242 0.0281302 0.0390241 0.0402220 0.0402999 0.0365977 0.0379715 0.0417649 0.0366066 0.0385939 0.0375916 0.0379563 0.0400763 0.0380996 0.0367564 0.0382738 0.0381662 0.0366141 0.0633485 0.0493031 0.0629281 0.0324752 0.0459916 0.0475750 0.0266267 0.0313540 0.0335646 0.0641207 0.0452479 0.0653929 0.0621968 0.0704289 0.1452226 0.1356817 0.1718381 0.0348588 0.0331565 0.0274817 0.0270073 0.0290862 0.0427186 0.1545778 0.0363424 0.0350736 0.0293200 0.0449003 0.0511558 0.0313773 0.0457186 0.1526540 0.1848464 0.0309474 0.0334631 0.0318493 0.0282723 0.0290535 0.1268897 0.0297003 0.0335967 0.0353076 0.0475903 0.0296770 0.0380012 0.0253641 0.0287013 0.0132896 0.0465489 0.0308724 0.0339470 0.0338504 0.0334840 0.0316839 0.1426635 0.0284799 0.1427163 0.0464830 0.0279731 0.0306089 0.1599337 0.2462828 0.2453269 0.0346203 0.1416889 0.0287826 0.1495375 0.0309024 0.0382900 0.0279003 
Velella_sp_15429288                        0.0359049 0.0651111 0.0599826 0.0641593 0.0570035 0.0414303 0.0453073 0.0666450 0.1272635 0.1252679 0.1242386 0.1014529 0.0609114 0.0011002 0.0000000 0.0343917 0.0280789 0.0382748 0.0394724 0.0395486 0.0358641 0.0372330 0.0410071 0.0358728 0.0378546 0.0368483 0.0372182 0.0393299 0.0373580 0.0360189 0.0375283 0.0374233 0.0358801 0.0617173 0.0484633 0.0612948 0.0317699 0.0452281 0.0467808 0.0259448 0.0306494 0.0328466 0.0633265 0.0445186 0.0645829 0.0614014 0.0696092 0.1449123 0.1334690 0.1692851 0.0341243 0.0324354 0.0267892 0.0270073 0.0290458 0.0412593 0.1542273 0.0349183 0.0343642 0.0293200 0.0440737 0.0496140 0.0306928 0.0449712 0.1516138 0.1822447 0.0302577 0.0327204 0.0311317 0.0275735 0.0283490 0.1247139 0.0289938 0.0328647 0.0352567 0.0468227 0.0296770 0.0379459 0.0253641 0.0280068 0.0132896 0.0457994 0.0308285 0.0338965 0.0338012 0.0334350 0.0309569 0.1423608 0.0284799 0.1404111 0.0449275 0.0279351 0.0299083 0.1576321 0.2449762 0.2440478 0.0346203 0.1394494 0.0287826 0.1505499 0.0302091 0.0375416 0.0272113 
Scrippsia_pacifica_15429292                0.0448658 0.0695544 0.0704686 0.0784593 0.0649968 0.0521971 0.0406900 0.0778155 0.1429632 0.1404073 0.1383222 0.1074240 0.0742717 0.0351242 0.0343917 0.0000000 0.0329892 0.0439978 0.0467779 0.0438782 0.0428462 0.0465774 0.0506171 0.0445465 0.0472111 0.0425132 0.0465587 0.0450381 0.0467443 0.0476487 0.0432157 0.0430894 0.0430023 0.0762992 0.0553144 0.0707817 0.0360979 0.0501820 0.0573163 0.0325434 0.0379115 0.0366186 0.0748920 0.0494345 0.0737581 0.0694927 0.0772453 0.1484917 0.1439845 0.1738366 0.0446071 0.0388649 0.0301851 0.0445292 0.0350664 0.0496785 0.1499992 0.0415320 0.0416204 0.0330464 0.0463793 0.0546334 0.0415274 0.0600420 0.1539084 0.1987497 0.0363868 0.0364665 0.0339300 0.0353752 0.0344930 0.1405525 0.0375945 0.0395608 0.0399393 0.0512230 0.0376152 0.0404755 0.0407299 0.0353150 0.0324551 0.0515373 0.0397180 0.0393710 0.0412292 0.0404454 0.0383279 0.1461482 0.0313375 0.1540338 0.0519199 0.0307036 0.0369010 0.1684889 0.2604385 0.2578802 0.0416242 0.1533387 0.0481351 0.1554154 0.0375587 0.0449142 0.0340471 
Podocoryna_exigua_15429293                 0.0321893 0.0529884 0.0565161 0.0650263 0.0494437 0.0335444 0.0364300 0.0644349 0.1298599 0.1319568 0.1319126 0.1030133 0.0673557 0.0281302 0.0280789 0.0329892 0.0000000 0.0331444 0.0328971 0.0330589 0.0321443 0.0333840 0.0371128 0.0287529 0.0340102 0.0324153 0.0326661 0.0327792 0.0334948 0.0320671 0.0316320 0.0323183 0.0308045 0.0618389 0.0430950 0.0588230 0.0272267 0.0349156 0.0415886 0.0177735 0.0214898 0.0201809 0.0631166 0.0383469 0.0576161 0.0545902 0.0634883 0.1362629 0.1241647 0.1567780 0.0245126 0.0203257 0.0176895 0.0388846 0.0023071 0.0269723 0.1401064 0.0223894 0.0224029 0.0163094 0.0396537 0.0431470 0.0252189 0.0428750 0.1476594 0.1821939 0.0105119 0.0210606 0.0178876 0.0184783 0.0183696 0.1323942 0.0184314 0.0248216 0.0172494 0.0384335 0.0192061 0.0248063 0.0355299 0.0157384 0.0280513 0.0390135 0.0165735 0.0124025 0.0153438 0.0142249 0.0161315 0.1324749 0.0156938 0.1365612 0.0355227 0.0040217 0.0194784 0.1494515 0.2566397 0.2462538 0.0269864 0.1359227 0.0386122 0.1424560 0.0179976 0.0402940 0.0187900 
Agalma_elegans_60544979                    0.0101292 0.0699606 0.0703305 0.0803137 0.0692291 0.0530750 0.0321490 0.0658415 0.1364332 0.1355003 0.1288781 0.0983826 0.0791835 0.0390241 0.0382748 0.0439978 0.0331444 0.0000000 0.0070235 0.0070170 0.0040576 0.0082667 0.0113716 0.0119866 0.0100869 0.0052495 0.0094908 0.0082558 0.0101292 0.0157931 0.0058391 0.0017244 0.0046600 0.0709703 0.0550087 0.0701193 0.0336201 0.0440432 0.0529665 0.0291419 0.0249303 0.0302309 0.0698718 0.0498636 0.0757333 0.0722868 0.0784015 0.1304879 0.1309563 0.1623887 0.0363528 0.0334665 0.0256444 0.0532492 0.0315420 0.0499845 0.1405465 0.0366751 0.0394497 0.0337307 0.0542040 0.0531529 0.0383600 0.0565584 0.1437001 0.1832862 0.0315298 0.0300370 0.0347697 0.0305436 0.0307441 0.1301043 0.0307281 0.0337509 0.0349252 0.0529838 0.0321697 0.0382183 0.0468856 0.0283797 0.0417923 0.0524800 0.0363337 0.0343796 0.0349965 0.0370172 0.0305662 0.1299556 0.0229486 0.1343897 0.0484170 0.0307049 0.0297435 0.1464665 0.2443869 0.2382528 0.0379215 0.1399598 0.0521826 0.1341878 0.0283797 0.0517317 0.0291419 
Cordagalma_cordiforme_60544983             0.0101167 0.0686327 0.0692024 0.0804567 0.0678921 0.0528064 0.0319124 0.0671895 0.1370834 0.1361467 0.1287333 0.0949925 0.0822170 0.0402220 0.0394724 0.0467779 0.0328971 0.0070235 0.0000000 0.0094125 0.0052372 0.0082566 0.0113575 0.0119333 0.0100745 0.0076289 0.0088699 0.0058470 0.0101167 0.0119839 0.0046432 0.0064079 0.0052519 0.0724647 0.0531965 0.0710341 0.0355445 0.0433445 0.0519553 0.0290167 0.0234680 0.0300985 0.0691656 0.0496116 0.0742504 0.0708624 0.0787892 0.1328290 0.1308509 0.1651377 0.0361611 0.0318735 0.0255360 0.0545125 0.0313101 0.0489101 0.1388521 0.0364795 0.0392588 0.0320921 0.0567153 0.0523069 0.0381802 0.0589917 0.1405739 0.1866766 0.0327959 0.0313677 0.0331642 0.0304113 0.0305198 0.1307555 0.0305711 0.0336002 0.0326376 0.0521415 0.0319230 0.0365706 0.0490683 0.0282587 0.0430652 0.0516019 0.0346700 0.0328039 0.0333476 0.0353157 0.0276364 0.1304324 0.0243059 0.1353805 0.0490712 0.0319136 0.0296157 0.1476989 0.2503712 0.2452961 0.0377426 0.1406100 0.0534217 0.1340554 0.0282587 0.0533719 0.0290167 
Forskalia_edwardsi_60544986                0.0125773 0.0690409 0.0690305 0.0777134 0.0669441 0.0525949 0.0320672 0.0633644 0.1391239 0.1381646 0.1340639 0.0992276 0.0808318 0.0402999 0.0395486 0.0438782 0.0330589 0.0070170 0.0094125 0.0000000 0.0064105 0.0106835 0.0113466 0.0119294 0.0125240 0.0076219 0.0107067 0.0094064 0.0125773 0.0157572 0.0070263 0.0052256 0.0076347 0.0697778 0.0559492 0.0739011 0.0342446 0.0457294 0.0528912 0.0264246 0.0248703 0.0280742 0.0689912 0.0482162 0.0732234 0.0698638 0.0785687 0.1289226 0.1299331 0.1659533 0.0334252 0.0333809 0.0255822 0.0494987 0.0314618 0.0506146 0.1447968 0.0350887 0.0370587 0.0308664 0.0551899 0.0511098 0.0361296 0.0552008 0.1391544 0.1828406 0.0328601 0.0285926 0.0333254 0.0278060 0.0333664 0.1346622 0.0292230 0.0315499 0.0334731 0.0541785 0.0349142 0.0337970 0.0460569 0.0283097 0.0416742 0.0518993 0.0339133 0.0340421 0.0325953 0.0359499 0.0305797 0.1308416 0.0243499 0.1379352 0.0508621 0.0306275 0.0270265 0.1403830 0.2526774 0.2475094 0.0355925 0.1426912 0.0520304 0.1344894 0.0283097 0.0527924 0.0264246 
Stephanomia_amphytridis_60544988           0.0070485 0.0676818 0.0706340 0.0810660 0.0692787 0.0541715 0.0311709 0.0641393 0.1386595 0.1377066 0.1291241 0.0962495 0.0785914 0.0365977 0.0358641 0.0428462 0.0321443 0.0040576 0.0052372 0.0064105 0.0000000 0.0058293 0.0088613 0.0118873 0.0076146 0.0058414 0.0070267 0.0052329 0.0070485 0.0131880 0.0040637 0.0034622 0.0023042 0.0719975 0.0538210 0.0716404 0.0333237 0.0446674 0.0518320 0.0255916 0.0214979 0.0286074 0.0697879 0.0502357 0.0748694 0.0714802 0.0774981 0.1258545 0.1262084 0.1607055 0.0348114 0.0297977 0.0234728 0.0518869 0.0305697 0.0502276 0.1412141 0.0356270 0.0375878 0.0313310 0.0540811 0.0507080 0.0365643 0.0547414 0.1407395 0.1762925 0.0312182 0.0277142 0.0324196 0.0276176 0.0291224 0.1302966 0.0291078 0.0307222 0.0325616 0.0529219 0.0304560 0.0344614 0.0472741 0.0261559 0.0413526 0.0491723 0.0352808 0.0326284 0.0346532 0.0359367 0.0269036 0.1252832 0.0221974 0.1384554 0.0489521 0.0297481 0.0261897 0.1433115 0.2446076 0.2436281 0.0347033 0.1422131 0.0516151 0.1293071 0.0261559 0.0519104 0.0255916 
Praya_dubia_60544992                       0.0023027 0.0694487 0.0711239 0.0806920 0.0671907 0.0539569 0.0316344 0.0611573 0.1407747 0.1398116 0.1324192 0.0993059 0.0796527 0.0379715 0.0372330 0.0465774 0.0333840 0.0082667 0.0082566 0.0106835 0.0058293 0.0000000 0.0028877 0.0131434 0.0017185 0.0101149 0.0023013 0.0088297 0.0023027 0.0070324 0.0070603 0.0076396 0.0058458 0.0724799 0.0577876 0.0759946 0.0352349 0.0452059 0.0530895 0.0287686 0.0260465 0.0285086 0.0719124 0.0522742 0.0761849 0.0708966 0.0788105 0.1190460 0.1183182 0.1561007 0.0367258 0.0309344 0.0253224 0.0483158 0.0318007 0.0500377 0.1410354 0.0375501 0.0381645 0.0325905 0.0580652 0.0519780 0.0342249 0.0543248 0.1308291 0.1743606 0.0311050 0.0304103 0.0322121 0.0294925 0.0310122 0.1333832 0.0289238 0.0335009 0.0323521 0.0542762 0.0324302 0.0377071 0.0439526 0.0280175 0.0388800 0.0527840 0.0358397 0.0332066 0.0338384 0.0379110 0.0310518 0.1165888 0.0248332 0.1396217 0.0495010 0.0295597 0.0301884 0.1374080 0.2402194 0.2306038 0.0359846 0.1443202 0.0490180 0.1231090 0.0280175 0.0522656 0.0287686 
Rosacea_flaccida_60544994                  0.0052505 0.0740526 0.0759929 0.0841772 0.0718164 0.0574124 0.0346024 0.0623027 0.1456662 0.1446530 0.1371730 0.1014946 0.0820507 0.0417649 0.0410071 0.0506171 0.0371128 0.0113716 0.0113575 0.0113466 0.0088613 0.0028877 0.0000000 0.0150639 0.0046433 0.0132689 0.0052473 0.0119319 0.0052505 0.0100970 0.0101378 0.0107208 0.0088871 0.0757220 0.0622810 0.0809462 0.0376000 0.0492298 0.0535176 0.0310030 0.0295486 0.0313819 0.0768439 0.0533690 0.0812493 0.0757763 0.0839461 0.1227942 0.1245678 0.1585039 0.0369353 0.0345661 0.0288010 0.0517090 0.0354716 0.0541271 0.1432736 0.0391492 0.0413588 0.0349662 0.0616936 0.0547197 0.0380566 0.0579914 0.1342935 0.1806200 0.0349216 0.0327435 0.0358606 0.0317431 0.0346548 0.1380778 0.0310811 0.0364732 0.0360205 0.0588544 0.0362615 0.0400941 0.0465547 0.0315600 0.0429193 0.0572070 0.0396570 0.0370636 0.0376225 0.0418347 0.0347755 0.1227302 0.0284152 0.1393653 0.0537849 0.0331588 0.0324520 0.1396105 0.2481757 0.2381549 0.0390865 0.1445024 0.0517381 0.1270524 0.0315600 0.0565275 0.0310030 
Apolemia_sp_60544997                       0.0156917 0.0645669 0.0674413 0.0781300 0.0624563 0.0463497 0.0285654 0.0692639 0.1312533 0.1303730 0.1293456 0.0992195 0.0786567 0.0366066 0.0358728 0.0445465 0.0287529 0.0119866 0.0119333 0.0119294 0.0118873 0.0131434 0.0150639 0.0000000 0.0150070 0.0113613 0.0118896 0.0125054 0.0156917 0.0144528 0.0125764 0.0101148 0.0119225 0.0708732 0.0535270 0.0691998 0.0341140 0.0425156 0.0481301 0.0255977 0.0222428 0.0252381 0.0708363 0.0448438 0.0692889 0.0659910 0.0734685 0.1232116 0.1263530 0.1690006 0.0303775 0.0304467 0.0221931 0.0504230 0.0272189 0.0445014 0.1378472 0.0304896 0.0301663 0.0292576 0.0476780 0.0499382 0.0337682 0.0547580 0.1401447 0.1819108 0.0270498 0.0284845 0.0303970 0.0263106 0.0257979 0.1241395 0.0248532 0.0301637 0.0297228 0.0502387 0.0269728 0.0337675 0.0436210 0.0248616 0.0384402 0.0499010 0.0304594 0.0299046 0.0284733 0.0310224 0.0283165 0.1269045 0.0229762 0.1350036 0.0451850 0.0271038 0.0276551 0.1409223 0.2481704 0.2418756 0.0325270 0.1346936 0.0503095 0.1269581 0.0248616 0.0483919 0.0255977 
Clausophyes_ovata_60545002                 0.0040489 0.0688049 0.0701847 0.0796953 0.0662978 0.0546068 0.0336865 0.0635808 0.1430492 0.1420670 0.1346650 0.1004041 0.0803145 0.0385939 0.0378546 0.0472111 0.0340102 0.0100869 0.0100745 0.0125240 0.0076146 0.0017185 0.0046433 0.0150070 0.0000000 0.0119577 0.0028767 0.0106466 0.0040489 0.0064306 0.0088683 0.0094480 0.0076365 0.0715398 0.0576896 0.0777678 0.0373254 0.0467061 0.0537287 0.0293821 0.0280352 0.0305541 0.0709628 0.0529314 0.0743920 0.0699561 0.0769996 0.1178871 0.1171337 0.1575167 0.0373505 0.0315520 0.0259309 0.0489811 0.0324223 0.0492442 0.1434223 0.0381773 0.0388240 0.0332264 0.0587413 0.0535425 0.0341746 0.0559643 0.1331741 0.1728946 0.0317530 0.0310438 0.0328286 0.0301076 0.0316314 0.1355973 0.0295406 0.0355997 0.0329715 0.0541821 0.0330765 0.0376527 0.0446190 0.0286288 0.0395391 0.0544158 0.0364727 0.0338546 0.0344723 0.0385547 0.0316845 0.1154241 0.0254610 0.1409452 0.0494204 0.0301761 0.0308042 0.1386702 0.2408112 0.2311664 0.0381657 0.1475871 0.0496710 0.1218937 0.0286288 0.0529140 0.0293821 
Nanomia_bijuga_60545004                    0.0120086 0.0714780 0.0673615 0.0776435 0.0653353 0.0511626 0.0299919 0.0630798 0.1347846 0.1338613 0.1297459 0.0962959 0.0791284 0.0375916 0.0368483 0.0425132 0.0324153 0.0052495 0.0076289 0.0076219 0.0058414 0.0101149 0.0132689 0.0113613 0.0119577 0.0000000 0.0113568 0.0088691 0.0120086 0.0126023 0.0064251 0.0046444 0.0070642 0.0724099 0.0524063 0.0691984 0.0329195 0.0442032 0.0520243 0.0271167 0.0229558 0.0281680 0.0673059 0.0479725 0.0715038 0.0681801 0.0759905 0.1306202 0.1261129 0.1622143 0.0356180 0.0313917 0.0236582 0.0516158 0.0308239 0.0492310 0.1402178 0.0359321 0.0371941 0.0315985 0.0536353 0.0519226 0.0361729 0.0568517 0.1428191 0.1782820 0.0307808 0.0279457 0.0320114 0.0285041 0.0300314 0.1284552 0.0300159 0.0316569 0.0328344 0.0516707 0.0314204 0.0361139 0.0460442 0.0263670 0.0409903 0.0494759 0.0355853 0.0335238 0.0342520 0.0362532 0.0313040 0.1281916 0.0223768 0.1343954 0.0486565 0.0299933 0.0277189 0.1413830 0.2427389 0.2379005 0.0340875 0.1402784 0.0513475 0.1317697 0.0263670 0.0504427 0.0271167 
Hippopodius_hippopus_60545007              0.0046489 0.0706197 0.0702152 0.0797331 0.0665623 0.0531396 0.0337957 0.0628969 0.1410822 0.1401212 0.1327634 0.0988918 0.0796235 0.0379563 0.0372182 0.0465587 0.0326661 0.0094908 0.0088699 0.0107067 0.0070267 0.0023013 0.0052473 0.0118896 0.0028767 0.0113568 0.0000000 0.0094432 0.0046489 0.0076386 0.0076689 0.0076558 0.0070468 0.0715701 0.0561781 0.0769836 0.0366867 0.0452952 0.0522889 0.0287572 0.0267389 0.0299173 0.0709930 0.0514541 0.0735941 0.0702496 0.0773696 0.1167338 0.1159554 0.1589387 0.0351529 0.0316529 0.0253125 0.0499670 0.0310931 0.0492595 0.1430536 0.0359623 0.0381483 0.0318639 0.0553319 0.0528180 0.0342108 0.0560365 0.1334750 0.1705931 0.0310921 0.0303979 0.0329340 0.0294809 0.0303096 0.1337178 0.0288407 0.0349553 0.0330779 0.0534093 0.0316925 0.0369846 0.0439340 0.0280065 0.0388636 0.0536613 0.0344224 0.0324644 0.0324291 0.0364594 0.0303339 0.1160848 0.0241399 0.1389599 0.0486863 0.0309608 0.0301765 0.1358433 0.2402158 0.2342308 0.0375007 0.1426656 0.0489978 0.1225590 0.0280065 0.0513615 0.0287572 
Physophora_hydrostatica_60545008           0.0100843 0.0683530 0.0656899 0.0749359 0.0645195 0.0498216 0.0317995 0.0682021 0.1399033 0.1389388 0.1303399 0.0981900 0.0809409 0.0400763 0.0393299 0.0450381 0.0327792 0.0082558 0.0058470 0.0094064 0.0052329 0.0088297 0.0119319 0.0125054 0.0106466 0.0088691 0.0094432 0.0000000 0.0100843 0.0125584 0.0070511 0.0076296 0.0064452 0.0672898 0.0531526 0.0696788 0.0361012 0.0438955 0.0524900 0.0289156 0.0248062 0.0306666 0.0648145 0.0470249 0.0697304 0.0664842 0.0733139 0.1321794 0.1301987 0.1600853 0.0368949 0.0317609 0.0254486 0.0523382 0.0311993 0.0478621 0.1414851 0.0363470 0.0383833 0.0319756 0.0564811 0.0528450 0.0373343 0.0556317 0.1418825 0.1837267 0.0333815 0.0297961 0.0330468 0.0309717 0.0310821 0.1314977 0.0311342 0.0357351 0.0325217 0.0528468 0.0325070 0.0348512 0.0496331 0.0281607 0.0436389 0.0498633 0.0329396 0.0317565 0.0323186 0.0321593 0.0275385 0.1297879 0.0228281 0.1387149 0.0481333 0.0318007 0.0310068 0.1479368 0.2514126 0.2489208 0.0383170 0.1434727 0.0539648 0.1324212 0.0281607 0.0542060 0.0289156 
Nectadamas_diomedeae_60545014              0.0000010 0.0697283 0.0730463 0.0827412 0.0690174 0.0556588 0.0331749 0.0631152 0.1425335 0.1415517 0.1341215 0.1029181 0.0800010 0.0380996 0.0373580 0.0467443 0.0334948 0.0101292 0.0101167 0.0125773 0.0070485 0.0023027 0.0052505 0.0156917 0.0040489 0.0120086 0.0046489 0.0100843 0.0000000 0.0094715 0.0089052 0.0094873 0.0058617 0.0744049 0.0580164 0.0763218 0.0353522 0.0467950 0.0547552 0.0288600 0.0275102 0.0299383 0.0722227 0.0541671 0.0765203 0.0711986 0.0791614 0.1209284 0.1189293 0.1586165 0.0390313 0.0310345 0.0254008 0.0484990 0.0333510 0.0516529 0.1428825 0.0391783 0.0397548 0.0326999 0.0600942 0.0536500 0.0357386 0.0545383 0.1330409 0.1753923 0.0326127 0.0305109 0.0323168 0.0309116 0.0324519 0.1340963 0.0303431 0.0349804 0.0339029 0.0544955 0.0339438 0.0393133 0.0456083 0.0281069 0.0404751 0.0529903 0.0359614 0.0347302 0.0353335 0.0380433 0.0311548 0.1184680 0.0249123 0.1441064 0.0511921 0.0296545 0.0302854 0.1395568 0.2440375 0.2367787 0.0375287 0.1461112 0.0506836 0.1251054 0.0281069 0.0532096 0.0288600 
Sulculeolaria_quadrivalvis_60545019        0.0094715 0.0682552 0.0627959 0.0739337 0.0597386 0.0482172 0.0332016 0.0609645 0.1379991 0.1370556 0.1341221 0.1028046 0.0815061 0.0367564 0.0360189 0.0476487 0.0320671 0.0157931 0.0119839 0.0157572 0.0131880 0.0070324 0.0100970 0.0144528 0.0064306 0.0126023 0.0076386 0.0125584 0.0094715 0.0000000 0.0107342 0.0151104 0.0132276 0.0676862 0.0526944 0.0712968 0.0383365 0.0468347 0.0500165 0.0288830 0.0274524 0.0300511 0.0644416 0.0465206 0.0681171 0.0630742 0.0743531 0.1205696 0.1156392 0.1559018 0.0339514 0.0309684 0.0267185 0.0494618 0.0304972 0.0465342 0.1437011 0.0347572 0.0366573 0.0312548 0.0559372 0.0522183 0.0343702 0.0563343 0.1313192 0.1730491 0.0326402 0.0303609 0.0302523 0.0296105 0.0310463 0.1306520 0.0283799 0.0351160 0.0303880 0.0519882 0.0324677 0.0363968 0.0441508 0.0294420 0.0383230 0.0530386 0.0345024 0.0317544 0.0325040 0.0365462 0.0311804 0.1181133 0.0248605 0.1414486 0.0495634 0.0296782 0.0303096 0.1371961 0.2413104 0.2316273 0.0360360 0.1468134 0.0516423 0.1222769 0.0294420 0.0502361 0.0288830 
Stephalia_dilata_60545023                  0.0089052 0.0680301 0.0673462 0.0776260 0.0661038 0.0511511 0.0299628 0.0646921 0.1370046 0.1360624 0.1285998 0.0970491 0.0836026 0.0382738 0.0375283 0.0432157 0.0316320 0.0058391 0.0046432 0.0070263 0.0040637 0.0070603 0.0101378 0.0125764 0.0088683 0.0064251 0.0076689 0.0070511 0.0089052 0.0107342 0.0000000 0.0052306 0.0040751 0.0687132 0.0515069 0.0691829 0.0334957 0.0441563 0.0503343 0.0277745 0.0235335 0.0288373 0.0672905 0.0479615 0.0723209 0.0689826 0.0759733 0.1285363 0.1295332 0.1638143 0.0355823 0.0319677 0.0256094 0.0506611 0.0300550 0.0483450 0.1396724 0.0358957 0.0379202 0.0308073 0.0544921 0.0502094 0.0368776 0.0576292 0.1384898 0.1836996 0.0328980 0.0314626 0.0312401 0.0291657 0.0306094 0.1306362 0.0299867 0.0323343 0.0320551 0.0524579 0.0320214 0.0353204 0.0459925 0.0283401 0.0417244 0.0502386 0.0361663 0.0312068 0.0348362 0.0368431 0.0277178 0.1261071 0.0243764 0.1342031 0.0492373 0.0306610 0.0283761 0.1449573 0.2465355 0.2415734 0.0347900 0.1405539 0.0536038 0.1321275 0.0283401 0.0512521 0.0277745 
Halistemma_rubrum_60545024                 0.0094873 0.0681138 0.0719175 0.0824804 0.0673642 0.0537460 0.0313374 0.0655653 0.1377097 0.1367646 0.1301276 0.0968825 0.0788250 0.0381662 0.0374233 0.0430894 0.0323183 0.0017244 0.0064079 0.0052256 0.0034622 0.0076396 0.0107208 0.0101148 0.0094480 0.0046444 0.0076558 0.0076296 0.0094873 0.0151104 0.0052306 0.0000000 0.0046520 0.0716615 0.0549284 0.0729213 0.0335039 0.0449251 0.0528737 0.0283589 0.0241827 0.0294290 0.0719076 0.0505426 0.0737155 0.0703231 0.0780397 0.1268372 0.1272170 0.1642648 0.0355108 0.0326472 0.0248890 0.0522103 0.0307329 0.0497960 0.1397227 0.0358228 0.0385332 0.0328877 0.0552133 0.0532348 0.0374759 0.0566504 0.1419622 0.1821663 0.0306861 0.0292248 0.0339432 0.0297496 0.0299434 0.1313496 0.0299280 0.0329229 0.0340938 0.0530709 0.0313237 0.0373682 0.0468020 0.0276044 0.0408563 0.0525640 0.0347847 0.0335160 0.0334573 0.0354349 0.0297549 0.1281534 0.0236424 0.1370066 0.0484920 0.0299056 0.0289584 0.1435127 0.2457601 0.2408347 0.0370332 0.1392883 0.0511741 0.1322998 0.0276044 0.0526812 0.0283589 
Erenna_sp_60545027                         0.0058617 0.0677202 0.0680701 0.0783713 0.0677565 0.0518347 0.0312769 0.0659804 0.1368491 0.1359082 0.1284469 0.0985282 0.0795556 0.0366141 0.0358801 0.0430023 0.0308045 0.0046600 0.0052519 0.0076347 0.0023042 0.0058458 0.0088871 0.0119225 0.0076365 0.0070642 0.0070468 0.0064452 0.0058617 0.0132276 0.0040751 0.0046520 0.0000000 0.0690177 0.0514418 0.0690952 0.0319880 0.0422443 0.0518581 0.0256024 0.0228495 0.0272860 0.0672033 0.0495608 0.0732560 0.0698934 0.0758746 0.1272937 0.1263299 0.1634101 0.0363031 0.0298106 0.0221970 0.0503890 0.0306735 0.0488207 0.1406827 0.0357520 0.0361581 0.0299727 0.0538531 0.0507335 0.0351758 0.0547709 0.1384993 0.1795304 0.0298347 0.0278085 0.0310956 0.0276294 0.0291350 0.1285091 0.0291204 0.0307356 0.0326732 0.0513706 0.0304697 0.0359354 0.0457951 0.0248661 0.0399083 0.0491979 0.0339163 0.0312402 0.0332891 0.0345463 0.0269153 0.1248589 0.0222702 0.1374609 0.0474787 0.0284325 0.0262008 0.1429553 0.2443440 0.2407843 0.0347194 0.1403969 0.0501503 0.1308231 0.0248661 0.0507945 0.0256024 
Tetraplatia_volitans_66378089              0.0714785 0.0868863 0.0158847 0.0301296 0.0519439 0.0402738 0.0755548 0.1058013 0.1635723 0.1668120 0.1700302 0.1470609 0.1021130 0.0633485 0.0617173 0.0762992 0.0618389 0.0709703 0.0724647 0.0697778 0.0719975 0.0724799 0.0757220 0.0708732 0.0715398 0.0724099 0.0715701 0.0672898 0.0744049 0.0676862 0.0687132 0.0716615 0.0690177 0.0000000 0.0515502 0.0661673 0.0660934 0.0665856 0.0821529 0.0608775 0.0679503 0.0642402 0.0199742 0.0504483 0.0607689 0.0571917 0.0589193 0.1703032 0.1578764 0.1906993 0.0616975 0.0715695 0.0636016 0.0758969 0.0649323 0.0705492 0.1952907 0.0649602 0.0637816 0.0665534 0.0909537 0.0776793 0.0645335 0.0843502 0.1980813 0.2101669 0.0669423 0.0704632 0.0665005 0.0627044 0.0674707 0.1709268 0.0615375 0.0695026 0.0681144 0.0806877 0.0686225 0.0710001 0.0640091 0.0629161 0.0662440 0.0754293 0.0636558 0.0660819 0.0655079 0.0675228 0.0659706 0.1700450 0.0620311 0.1659923 0.0781526 0.0655488 0.0664537 0.1779230 0.3009198 0.3063890 0.0715387 0.1723726 0.0782896 0.1776263 0.0650686 0.0759567 0.0630526 
Aglauropsis_aeora_66864813                 0.0580164 0.0780464 0.0451203 0.0582312 0.0441865 0.0253529 0.0560263 0.0910577 0.1544921 0.1580275 0.1582464 0.1292470 0.0980355 0.0493031 0.0484633 0.0553144 0.0430950 0.0550087 0.0531965 0.0559492 0.0538210 0.0577876 0.0622810 0.0535270 0.0576896 0.0524063 0.0561781 0.0531526 0.0580164 0.0526944 0.0515069 0.0549284 0.0514418 0.0515502 0.0000000 0.0420802 0.0528823 0.0505167 0.0672745 0.0412957 0.0393926 0.0412746 0.0465607 0.0286863 0.0462415 0.0447319 0.0485538 0.1577008 0.1472269 0.1779447 0.0439560 0.0425941 0.0372226 0.0577559 0.0422848 0.0521467 0.1683889 0.0447623 0.0451042 0.0433843 0.0613421 0.0600651 0.0447008 0.0689107 0.1669537 0.1913631 0.0451573 0.0438637 0.0421205 0.0413635 0.0456449 0.1544406 0.0397988 0.0451958 0.0436112 0.0538028 0.0456755 0.0463271 0.0538103 0.0375008 0.0483213 0.0522829 0.0457343 0.0450882 0.0461242 0.0441227 0.0382643 0.1536855 0.0407852 0.1498778 0.0542290 0.0427810 0.0426718 0.1736348 0.2652004 0.2690492 0.0473338 0.1659016 0.0608770 0.1598906 0.0375008 0.0532914 0.0412957 
Limnocnida_tanganyicae_66864814            0.0748369 0.0861679 0.0570283 0.0670339 0.0641432 0.0428152 0.0723542 0.1036407 0.1524556 0.1569130 0.1576806 0.1514533 0.1120942 0.0629281 0.0612948 0.0707817 0.0588230 0.0701193 0.0710341 0.0739011 0.0716404 0.0759946 0.0809462 0.0691998 0.0777678 0.0691984 0.0769836 0.0696788 0.0763218 0.0712968 0.0691829 0.0729213 0.0690952 0.0661673 0.0420802 0.0000000 0.0643038 0.0649223 0.0863067 0.0611136 0.0598877 0.0573739 0.0578776 0.0480172 0.0613382 0.0674027 0.0661696 0.1784662 0.1672236 0.1910375 0.0657506 0.0664479 0.0577878 0.0774057 0.0591378 0.0685847 0.1812544 0.0631175 0.0619785 0.0598377 0.0857033 0.0780995 0.0648838 0.0844445 0.1835521 0.2191904 0.0623439 0.0667316 0.0586900 0.0611163 0.0614727 0.1582959 0.0585194 0.0652707 0.0625911 0.0788249 0.0639160 0.0647047 0.0679078 0.0591454 0.0652103 0.0733271 0.0585242 0.0619479 0.0644307 0.0627079 0.0594954 0.1747007 0.0557032 0.1669747 0.0766256 0.0593789 0.0631081 0.1871332 0.2964985 0.2965612 0.0680007 0.1620376 0.0813023 0.1851404 0.0590494 0.0734556 0.0620335 
Melicertum_octocostatum_66864816           0.0341549 0.0607873 0.0635898 0.0711840 0.0559596 0.0471098 0.0377390 0.0504770 0.1202529 0.1191162 0.1180283 0.0942476 0.0738174 0.0324752 0.0317699 0.0360979 0.0272267 0.0336201 0.0355445 0.0342446 0.0333237 0.0352349 0.0376000 0.0341140 0.0373254 0.0329195 0.0366867 0.0361012 0.0353522 0.0383365 0.0334957 0.0335039 0.0319880 0.0660934 0.0528823 0.0643038 0.0000000 0.0426710 0.0493364 0.0248449 0.0275082 0.0317847 0.0680439 0.0514418 0.0604493 0.0591186 0.0653430 0.1339111 0.1257235 0.1515959 0.0288835 0.0327776 0.0237098 0.0426252 0.0273582 0.0440466 0.1332052 0.0318087 0.0370923 0.0281114 0.0523915 0.0475245 0.0348398 0.0478917 0.1421105 0.1737133 0.0269084 0.0281717 0.0313041 0.0270925 0.0292475 0.1185293 0.0258001 0.0340747 0.0335015 0.0470971 0.0313303 0.0338721 0.0367475 0.0277061 0.0342099 0.0465722 0.0296207 0.0322195 0.0344621 0.0318231 0.0327903 0.1322766 0.0259820 0.1233712 0.0413063 0.0262661 0.0267013 0.1429895 0.2449826 0.2556024 0.0366264 0.1267441 0.0453971 0.1379418 0.0299389 0.0457839 0.0259677 
