72
Velella_sp_AF358087                  0.0000000 0.0011064 0.0145945 0.0011160 0.0011182 0.0120047 0.0133930 0.0463393 0.0323238 0.0407028 0.0373512 0.0375372 0.0011273 0.0289112 0.0227734 0.0416459 0.0392173 0.0403843 0.0283611 0.0490979 0.0372202 0.0473922 0.0512896 0.0476680 0.0426356 0.0381074 0.0394886 0.0382256 0.0446066 0.0488986 0.0454737 0.0401640 0.0536261 0.0538213 0.0415631 0.0656066 0.0572198 0.0151558 0.0137929 0.0137929 0.0140160 0.0171398 0.0171398 0.0163293 0.0163374 0.0478289 0.0178985 0.0421037 0.0437548 0.0186816 0.0152375 0.0537963 0.0179858 0.0179858 0.0237058 0.0158434 0.0277372 0.0211498 0.0211498 0.0180800 0.0277674 0.0277674 0.0261583 0.0261583 0.0270456 0.0171754 0.0277372 0.0269622 0.0269045 0.0346177 0.0246541 0.0246541 
Porpita_sp_AF358086                  0.0011064 0.0000000 0.0152712 0.0011177 0.0011199 0.0126551 0.0140581 0.0472695 0.0331326 0.0408152 0.0382204 0.0383896 0.0022678 0.0297072 0.0228179 0.0425494 0.0400982 0.0412618 0.0291585 0.0500333 0.0380805 0.0483172 0.0522321 0.0486000 0.0427304 0.0389756 0.0403767 0.0390968 0.0455451 0.0498289 0.0464161 0.0410533 0.0546064 0.0548059 0.0432859 0.0666932 0.0582349 0.0151558 0.0137929 0.0137929 0.0140160 0.0185772 0.0185772 0.0177483 0.0177573 0.0488134 0.0193486 0.0421037 0.0437548 0.0201459 0.0152375 0.0547949 0.0194434 0.0194434 0.0237058 0.0172749 0.0284863 0.0211498 0.0211498 0.0187900 0.0285176 0.0285176 0.0268999 0.0268999 0.0277940 0.0171754 0.0284863 0.0277081 0.0276486 0.0346177 0.0253897 0.0253897 
Millepora_sp_AF358088                0.0145945 0.0152712 0.0000000 0.0154160 0.0154535 0.0028385 0.0016860 0.0466940 0.0336252 0.0320190 0.0377860 0.0350453 0.0162481 0.0268298 0.0111378 0.0412786 0.0292320 0.0400266 0.0262862 0.0494863 0.0330404 0.0494116 0.0533649 0.0480445 0.0336166 0.0375832 0.0436042 0.0376981 0.0430263 0.0509365 0.0397770 0.0389043 0.0543330 0.0545307 0.0366464 0.0629392 0.0557865 0.0113796 0.0113948 0.0113948 0.0102932 0.0126819 0.0126819 0.0141088 0.0141156 0.0472716 0.0126741 0.0432855 0.0441083 0.0133896 0.0114384 0.0545159 0.0127333 0.0127333 0.0202540 0.0135686 0.0265036 0.0169001 0.0169001 0.0127964 0.0274098 0.0274098 0.0258259 0.0258259 0.0258259 0.0093685 0.0265036 0.0266173 0.0265611 0.0336766 0.0219417 0.0219417 
Porpita_porpita_GQ424319             0.0011160 0.0011177 0.0154160 0.0000000 0.0011199 0.0126551 0.0140581 0.0477815 0.0333825 0.0412531 0.0386255 0.0387528 0.0011254 0.0281242 0.0213814 0.0420677 0.0383469 0.0395170 0.0275728 0.0481736 0.0363698 0.0464782 0.0503584 0.0476680 0.0409410 0.0372495 0.0394886 0.0373646 0.0436794 0.0479792 0.0454737 0.0392853 0.0526576 0.0528486 0.0423706 0.0645330 0.0572198 0.0151558 0.0137929 0.0137929 0.0140160 0.0178369 0.0178369 0.0170183 0.0170268 0.0478289 0.0186009 0.0421037 0.0437548 0.0193900 0.0152375 0.0537963 0.0186917 0.0186917 0.0237058 0.0165389 0.0284863 0.0211498 0.0211498 0.0187900 0.0285176 0.0285176 0.0268999 0.0268999 0.0277940 0.0171754 0.0284863 0.0277081 0.0276486 0.0346177 0.0253897 0.0253897 
Porpita_porpita_DQ683367             0.0011182 0.0011199 0.0154535 0.0011199 0.0000000 0.0126786 0.0140859 0.0479343 0.0334791 0.0413809 0.0387426 0.0388707 0.0022714 0.0297914 0.0228768 0.0421983 0.0401986 0.0413893 0.0292249 0.0480512 0.0381738 0.0484434 0.0523705 0.0487279 0.0428406 0.0390718 0.0404786 0.0391936 0.0456661 0.0499597 0.0465398 0.0411570 0.0547920 0.0549571 0.0433982 0.0668923 0.0583999 0.0159170 0.0145429 0.0145429 0.0147801 0.0186166 0.0186166 0.0177854 0.0177944 0.0489491 0.0193900 0.0431547 0.0448216 0.0201894 0.0160033 0.0549483 0.0194852 0.0194852 0.0245675 0.0173113 0.0293748 0.0219769 0.0219769 0.0195885 0.0294076 0.0294076 0.0277721 0.0277721 0.0286784 0.0179509 0.0293748 0.0285891 0.0285272 0.0356017 0.0262478 0.0262478 
Millepora_sp_LT631288                0.0120047 0.0126551 0.0028385 0.0126551 0.0126786 0.0000000 0.0022623 0.0482343 0.0313625 0.0349814 0.0389695 0.0361114 0.0134173 0.0284401 0.0130950 0.0415988 0.0317178 0.0408026 0.0278644 0.0504490 0.0356199 0.0503724 0.0543466 0.0490030 0.0362542 0.0342865 0.0399305 0.0343902 0.0439916 0.0519038 0.0385355 0.0397884 0.0545503 0.0546735 0.0384365 0.0634833 0.0538723 0.0127655 0.0127824 0.0127824 0.0109486 0.0148044 0.0148044 0.0133701 0.0133765 0.0474328 0.0148044 0.0442523 0.0450792 0.0155448 0.0128321 0.0546606 0.0148746 0.0148746 0.0218205 0.0142289 0.0272031 0.0161324 0.0161324 0.0149498 0.0265232 0.0265232 0.0249579 0.0249579 0.0265255 0.0100037 0.0272031 0.0257400 0.0256862 0.0307058 0.0234983 0.0234983 
Millepora_sp_LT631287                0.0133930 0.0140581 0.0016860 0.0140581 0.0140859 0.0022623 0.0000000 0.0461628 0.0329603 0.0332160 0.0381702 0.0353351 0.0148497 0.0259954 0.0117794 0.0407838 0.0300176 0.0399910 0.0254224 0.0483217 0.0338525 0.0482496 0.0521656 0.0468897 0.0344464 0.0365758 0.0416988 0.0366867 0.0439339 0.0497617 0.0398710 0.0378692 0.0531762 0.0532951 0.0356331 0.0615776 0.0559753 0.0106642 0.0106785 0.0106785 0.0102736 0.0126579 0.0126579 0.0140817 0.0140884 0.0460836 0.0133615 0.0421392 0.0429518 0.0140841 0.0107189 0.0532629 0.0134241 0.0134241 0.0194165 0.0135424 0.0264480 0.0168669 0.0168669 0.0134910 0.0273517 0.0273517 0.0257717 0.0257717 0.0257717 0.0093514 0.0264480 0.0265611 0.0265052 0.0318552 0.0211037 0.0211037 
Coryne_muscoides_AY920761            0.0463393 0.0472695 0.0466940 0.0477815 0.0479343 0.0482343 0.0461628 0.0000000 0.0400665 0.0427592 0.0398327 0.0413848 0.0492265 0.0355784 0.0511042 0.0449564 0.0416051 0.0436531 0.0350502 0.0057525 0.0382465 0.0052052 0.0081516 0.0000010 0.0447799 0.0426319 0.0503652 0.0427638 0.0471908 0.0063754 0.0481275 0.0383918 0.0525995 0.0527870 0.0466124 0.0582527 0.0675275 0.0430150 0.0413884 0.0413884 0.0361349 0.0408492 0.0408492 0.0427062 0.0427333 0.0469963 0.0418430 0.0023916 0.0000010 0.0428870 0.0432751 0.0538691 0.0420672 0.0420672 0.0259894 0.0423310 0.0577459 0.0477933 0.0477933 0.0423225 0.0591138 0.0591138 0.0588095 0.0588095 0.0588095 0.0463652 0.0559029 0.0598866 0.0597468 0.0346605 0.0585187 0.0585187 
Cladonema_californicum_AF358085      0.0323238 0.0331326 0.0336252 0.0333825 0.0334791 0.0313625 0.0329603 0.0400665 0.0000000 0.0261211 0.0392078 0.0321827 0.0345549 0.0287582 0.0348232 0.0392759 0.0183516 0.0378729 0.0282108 0.0456947 0.0347488 0.0440178 0.0478722 0.0410342 0.0274350 0.0369771 0.0379215 0.0370928 0.0434229 0.0455126 0.0287435 0.0354861 0.0538115 0.0540111 0.0243523 0.0598209 0.0572801 0.0332407 0.0317002 0.0317002 0.0247121 0.0358044 0.0358044 0.0348586 0.0348791 0.0455096 0.0367346 0.0344742 0.0345326 0.0377087 0.0334349 0.0526295 0.0369253 0.0369253 0.0194389 0.0352990 0.0400238 0.0333938 0.0333938 0.0371404 0.0381637 0.0381637 0.0400238 0.0400238 0.0409367 0.0328485 0.0383913 0.0391177 0.0408474 0.0226302 0.0427010 0.0427010 
Staurocladia_wellingtoni_AF358084    0.0407028 0.0408152 0.0320190 0.0412531 0.0413809 0.0349814 0.0332160 0.0427592 0.0261211 0.0000000 0.0341338 0.0303788 0.0433958 0.0289290 0.0376182 0.0349436 0.0161308 0.0336596 0.0283786 0.0454299 0.0304550 0.0453630 0.0492757 0.0439899 0.0005637 0.0396540 0.0491052 0.0397805 0.0426459 0.0468780 0.0338053 0.0409325 0.0579759 0.0581943 0.0230248 0.0571856 0.0683996 0.0336015 0.0320419 0.0320419 0.0270505 0.0377368 0.0377368 0.0396704 0.0396949 0.0447821 0.0377100 0.0348214 0.0365652 0.0386969 0.0338001 0.0579319 0.0379069 0.0379069 0.0181156 0.0392754 0.0463990 0.0356339 0.0356339 0.0381294 0.0476116 0.0476116 0.0456421 0.0456421 0.0445173 0.0349245 0.0446751 0.0458049 0.0465114 0.0300479 0.0450206 0.0450206 
Scrippsia_pacifica_AF358091          0.0373512 0.0382204 0.0377860 0.0386255 0.0387426 0.0389695 0.0381702 0.0398327 0.0392078 0.0341338 0.0000000 0.0076105 0.0399053 0.0307181 0.0433305 0.0088704 0.0369581 0.0077050 0.0301678 0.0441328 0.0322497 0.0407635 0.0447168 0.0410015 0.0358692 0.0449245 0.0439426 0.0450708 0.0479710 0.0423006 0.0515114 0.0412858 0.0650143 0.0652669 0.0493757 0.0706303 0.0661622 0.0307054 0.0291896 0.0291896 0.0312492 0.0447561 0.0447561 0.0446008 0.0446300 0.0496075 0.0447561 0.0344917 0.0361227 0.0458544 0.0308828 0.0654159 0.0450032 0.0450032 0.0211900 0.0442330 0.0477653 0.0410078 0.0410078 0.0452860 0.0507830 0.0507830 0.0487581 0.0487581 0.0487581 0.0371205 0.0477653 0.0497633 0.0496456 0.0279692 0.0467348 0.0467348 
Polyorchis_penicillatus_AF358090     0.0375372 0.0383896 0.0350453 0.0387528 0.0388707 0.0361114 0.0353351 0.0413848 0.0321827 0.0303788 0.0076105 0.0000000 0.0400390 0.0273230 0.0386289 0.0051708 0.0300362 0.0040249 0.0267710 0.0439903 0.0309654 0.0422732 0.0462336 0.0425211 0.0318985 0.0414869 0.0407178 0.0416189 0.0459388 0.0438111 0.0449692 0.0373709 0.0614050 0.0616398 0.0428724 0.0667843 0.0652717 0.0306326 0.0291007 0.0291007 0.0297090 0.0456227 0.0456227 0.0454666 0.0454960 0.0497553 0.0456227 0.0360216 0.0376579 0.0467096 0.0307873 0.0617314 0.0458705 0.0458705 0.0187588 0.0450792 0.0471524 0.0378205 0.0378205 0.0461544 0.0483684 0.0483684 0.0463977 0.0463977 0.0463977 0.0360077 0.0454302 0.0473771 0.0472660 0.0245491 0.0444289 0.0444289 
Velella_velella_EU876576             0.0011273 0.0022678 0.0162481 0.0011254 0.0022714 0.0134173 0.0148497 0.0492265 0.0345549 0.0433958 0.0399053 0.0400390 0.0000000 0.0292066 0.0229924 0.0434150 0.0392214 0.0408153 0.0284178 0.0494979 0.0374826 0.0474932 0.0517439 0.0476680 0.0417420 0.0384372 0.0397971 0.0384372 0.0449714 0.0492951 0.0458412 0.0392853 0.0541507 0.0542659 0.0418928 0.0662932 0.0583756 0.0151558 0.0137929 0.0137929 0.0140421 0.0171398 0.0171398 0.0163293 0.0163374 0.0478289 0.0178985 0.0424467 0.0441123 0.0186816 0.0152375 0.0540224 0.0179858 0.0179858 0.0238871 0.0158434 0.0277372 0.0211498 0.0211498 0.0180800 0.0277674 0.0277674 0.0261583 0.0261583 0.0270456 0.0171754 0.0277372 0.0269622 0.0269045 0.0348960 0.0246541 0.0246541 
Sarsia_lovenii_GQ424337              0.0289112 0.0297072 0.0268298 0.0281242 0.0297914 0.0284401 0.0259954 0.0355784 0.0287582 0.0289290 0.0307181 0.0273230 0.0292066 0.0000000 0.0298702 0.0321334 0.0274382 0.0297661 0.0005638 0.0327028 0.0082577 0.0343027 0.0379391 0.0353164 0.0285138 0.0240301 0.0261743 0.0240999 0.0271887 0.0357236 0.0428920 0.0228614 0.0519780 0.0521668 0.0318409 0.0627574 0.0562073 0.0215391 0.0201315 0.0201315 0.0232883 0.0333263 0.0333263 0.0351664 0.0351873 0.0314947 0.0342337 0.0287497 0.0302567 0.0351823 0.0216571 0.0531039 0.0344101 0.0344101 0.0000010 0.0347417 0.0428289 0.0317050 0.0317050 0.0346082 0.0439753 0.0439753 0.0420921 0.0420921 0.0420921 0.0296199 0.0411658 0.0430297 0.0429304 0.0197843 0.0372854 0.0372854 
Asyncoryne_ryniensis_EU876578        0.0227734 0.0228179 0.0111378 0.0213814 0.0228768 0.0130950 0.0117794 0.0511042 0.0348232 0.0376182 0.0433305 0.0386289 0.0229924 0.0298702 0.0000000 0.0442679 0.0336414 0.0416948 0.0293324 0.0548774 0.0362482 0.0531380 0.0571672 0.0510337 0.0372826 0.0378476 0.0430486 0.0379642 0.0425821 0.0546859 0.0453681 0.0392193 0.0619433 0.0621742 0.0403368 0.0679665 0.0615755 0.0189992 0.0190102 0.0190102 0.0172697 0.0201857 0.0201857 0.0217332 0.0217444 0.0469430 0.0201729 0.0478681 0.0461271 0.0209531 0.0190883 0.0633201 0.0202561 0.0202561 0.0232852 0.0212248 0.0340653 0.0233540 0.0233540 0.0203733 0.0335246 0.0335246 0.0333785 0.0333785 0.0333785 0.0174841 0.0325521 0.0342147 0.0341408 0.0355552 0.0285279 0.0285279 
Polyorchis_haplus_AF358089           0.0416459 0.0425494 0.0412786 0.0420677 0.0421983 0.0415988 0.0407838 0.0449564 0.0392759 0.0349436 0.0088704 0.0051708 0.0434150 0.0321334 0.0442679 0.0000000 0.0361333 0.0016867 0.0315891 0.0467609 0.0359017 0.0450129 0.0490234 0.0452526 0.0357900 0.0433464 0.0455324 0.0434852 0.0493016 0.0465665 0.0514280 0.0428103 0.0680193 0.0682857 0.0491819 0.0738042 0.0728918 0.0322419 0.0318242 0.0318242 0.0335066 0.0503062 0.0503062 0.0501267 0.0501605 0.0509167 0.0503062 0.0369591 0.0386058 0.0514607 0.0324285 0.0684340 0.0505873 0.0505873 0.0218618 0.0498049 0.0527340 0.0420781 0.0420781 0.0499012 0.0540384 0.0540384 0.0519565 0.0519565 0.0519565 0.0389263 0.0509375 0.0529882 0.0528627 0.0279170 0.0498755 0.0498755 
Staurocladia_vallentini_GQ424322     0.0392173 0.0400982 0.0292320 0.0383469 0.0401986 0.0317178 0.0300176 0.0416051 0.0183516 0.0161308 0.0369581 0.0300362 0.0392214 0.0274382 0.0336414 0.0361333 0.0000000 0.0336415 0.0266674 0.0418337 0.0322299 0.0399116 0.0440792 0.0409580 0.0154931 0.0390064 0.0459015 0.0390064 0.0437970 0.0416673 0.0203412 0.0353496 0.0593871 0.0595196 0.0182562 0.0606694 0.0612713 0.0289730 0.0274764 0.0274764 0.0264885 0.0372334 0.0372334 0.0391739 0.0391982 0.0488443 0.0372067 0.0328646 0.0346080 0.0381968 0.0291390 0.0591568 0.0374024 0.0374024 0.0189278 0.0387719 0.0434719 0.0316853 0.0316853 0.0376233 0.0446416 0.0446416 0.0427243 0.0427243 0.0427243 0.0329435 0.0417807 0.0428748 0.0435764 0.0291841 0.0421502 0.0421502 
Polyorchis_haplus_GQ424344           0.0403843 0.0412618 0.0400266 0.0395170 0.0413893 0.0408026 0.0399910 0.0436531 0.0378729 0.0336596 0.0077050 0.0040249 0.0408153 0.0297661 0.0416948 0.0016867 0.0336415 0.0000000 0.0292166 0.0440201 0.0334811 0.0423018 0.0462649 0.0434798 0.0332737 0.0407048 0.0437452 0.0408343 0.0464332 0.0438406 0.0495382 0.0401583 0.0648610 0.0651128 0.0481925 0.0704679 0.0707231 0.0322419 0.0318242 0.0318242 0.0335066 0.0493099 0.0493099 0.0491349 0.0491679 0.0490195 0.0493099 0.0369591 0.0386058 0.0504534 0.0324285 0.0663628 0.0495846 0.0495846 0.0218618 0.0488050 0.0527340 0.0420781 0.0420781 0.0499012 0.0540384 0.0540384 0.0519565 0.0519565 0.0519565 0.0389263 0.0509375 0.0529882 0.0528627 0.0279170 0.0498755 0.0498755 
Sarsia_apicula_GQ424336              0.0283611 0.0291585 0.0262862 0.0275728 0.0292249 0.0278644 0.0254224 0.0350502 0.0282108 0.0283786 0.0301678 0.0267710 0.0284178 0.0005638 0.0293324 0.0315891 0.0266674 0.0292166 0.0000000 0.0320804 0.0076742 0.0334070 0.0373455 0.0344059 0.0276600 0.0234361 0.0254816 0.0234361 0.0265678 0.0351029 0.0421170 0.0220735 0.0514046 0.0514046 0.0311229 0.0621969 0.0553371 0.0207362 0.0193397 0.0193397 0.0224611 0.0324070 0.0324070 0.0342244 0.0342446 0.0305957 0.0333032 0.0280256 0.0295289 0.0342395 0.0208492 0.0520834 0.0334738 0.0334738 0.0006048 0.0337946 0.0417932 0.0307797 0.0307797 0.0336650 0.0429230 0.0429230 0.0410607 0.0410607 0.0410607 0.0287278 0.0401444 0.0419883 0.0418918 0.0190853 0.0363123 0.0363123 
Coryne_fucicola_GQ424326             0.0490979 0.0500333 0.0494863 0.0481736 0.0480512 0.0504490 0.0483217 0.0057525 0.0456947 0.0454299 0.0441328 0.0439903 0.0494979 0.0327028 0.0548774 0.0467609 0.0418337 0.0440201 0.0320804 0.0000000 0.0367489 0.0052254 0.0081886 0.0052165 0.0450273 0.0460821 0.0540765 0.0461934 0.0491515 0.0064040 0.0494174 0.0401804 0.0567084 0.0568357 0.0461782 0.0634539 0.0691522 0.0442062 0.0425285 0.0425285 0.0389710 0.0472573 0.0472573 0.0492094 0.0492420 0.0499020 0.0483132 0.0036333 0.0048237 0.0494266 0.0444427 0.0589904 0.0485405 0.0485405 0.0253797 0.0488480 0.0610471 0.0490366 0.0490366 0.0488806 0.0624609 0.0624609 0.0602453 0.0602453 0.0602453 0.0475587 0.0591668 0.0613375 0.0611943 0.0391639 0.0599462 0.0599462 
Slabberia_halterata_EU883544         0.0372202 0.0380805 0.0330404 0.0363698 0.0381738 0.0356199 0.0338525 0.0382465 0.0347488 0.0304550 0.0322497 0.0309654 0.0374826 0.0082577 0.0362482 0.0359017 0.0322299 0.0334811 0.0076742 0.0367489 0.0000000 0.0368317 0.0405830 0.0378817 0.0299503 0.0276399 0.0352319 0.0276803 0.0329135 0.0383289 0.0485708 0.0287130 0.0580061 0.0580872 0.0326863 0.0693797 0.0610241 0.0278153 0.0263463 0.0263463 0.0253116 0.0373059 0.0373059 0.0392101 0.0392339 0.0394820 0.0372797 0.0312995 0.0328348 0.0382514 0.0279721 0.0591068 0.0374720 0.0374720 0.0056152 0.0388162 0.0419507 0.0371439 0.0371439 0.0376891 0.0447742 0.0447742 0.0428813 0.0428813 0.0428813 0.0360606 0.0419507 0.0438235 0.0437223 0.0253662 0.0390397 0.0390397 
Coryne_uchidai_GQ424332              0.0473922 0.0483172 0.0494116 0.0464782 0.0484434 0.0503724 0.0482496 0.0052052 0.0440178 0.0453630 0.0407635 0.0422732 0.0474932 0.0343027 0.0531380 0.0450129 0.0399116 0.0423018 0.0334070 0.0052254 0.0368317 0.0000000 0.0028467 0.0046295 0.0445730 0.0436662 0.0523564 0.0436662 0.0464400 0.0011328 0.0474399 0.0382213 0.0537820 0.0537820 0.0442950 0.0610582 0.0655036 0.0420752 0.0404582 0.0404582 0.0369395 0.0450872 0.0450872 0.0469961 0.0470266 0.0469303 0.0461165 0.0011913 0.0042321 0.0471996 0.0423286 0.0556193 0.0463652 0.0463652 0.0268994 0.0466562 0.0575804 0.0467965 0.0467965 0.0466504 0.0608141 0.0608141 0.0586400 0.0586400 0.0586400 0.0454039 0.0575804 0.0597129 0.0595739 0.0365314 0.0574345 0.0574345 
Coryne_pusilla_Z86107                0.0512896 0.0522321 0.0533649 0.0503584 0.0523705 0.0543466 0.0521656 0.0081516 0.0478722 0.0492757 0.0447168 0.0462336 0.0517439 0.0379391 0.0571672 0.0490234 0.0440792 0.0462649 0.0373455 0.0081886 0.0405830 0.0028467 0.0000000 0.0076320 0.0489379 0.0474867 0.0568142 0.0476347 0.0504659 0.0039948 0.0517689 0.0423764 0.0568671 0.0570354 0.0484514 0.0642920 0.0692332 0.0465313 0.0448797 0.0448797 0.0404226 0.0495783 0.0495783 0.0515490 0.0515833 0.0514109 0.0506481 0.0036035 0.0067065 0.0517777 0.0468149 0.0591788 0.0509244 0.0509244 0.0299761 0.0512462 0.0607222 0.0514850 0.0514850 0.0512432 0.0640342 0.0640342 0.0618057 0.0618057 0.0618057 0.0499326 0.0607222 0.0629029 0.0627575 0.0398348 0.0605674 0.0605674 
Coryne_muscoides_GQ424328            0.0476680 0.0486000 0.0480445 0.0476680 0.0487279 0.0490030 0.0468897 0.0000010 0.0410342 0.0439899 0.0410015 0.0425211 0.0476680 0.0353164 0.0510337 0.0452526 0.0409580 0.0434798 0.0344059 0.0052165 0.0378817 0.0046295 0.0076320 0.0000000 0.0439899 0.0423672 0.0507866 0.0423672 0.0469271 0.0058401 0.0485694 0.0376295 0.0524729 0.0524729 0.0469859 0.0581989 0.0670084 0.0430150 0.0413884 0.0413884 0.0362095 0.0408492 0.0408492 0.0427062 0.0427333 0.0469963 0.0418430 0.0024073 0.0000010 0.0428870 0.0432751 0.0540923 0.0420672 0.0420672 0.0261893 0.0423310 0.0577459 0.0477933 0.0477933 0.0423225 0.0591138 0.0591138 0.0588095 0.0588095 0.0588095 0.0463652 0.0559029 0.0598866 0.0597468 0.0349394 0.0585187 0.0585187 
Staurocladia_wellingtoni_GQ424323    0.0426356 0.0427304 0.0336166 0.0409410 0.0428406 0.0362542 0.0344464 0.0447799 0.0274350 0.0005637 0.0358692 0.0318985 0.0417420 0.0285138 0.0372826 0.0357900 0.0154931 0.0332737 0.0276600 0.0450273 0.0299503 0.0445730 0.0489379 0.0439899 0.0000000 0.0392403 0.0495201 0.0392403 0.0422118 0.0464875 0.0340656 0.0400322 0.0577365 0.0577365 0.0231909 0.0569408 0.0688342 0.0336015 0.0320419 0.0320419 0.0271029 0.0377368 0.0377368 0.0396704 0.0396949 0.0447821 0.0377100 0.0350967 0.0368565 0.0386969 0.0338001 0.0581833 0.0379069 0.0379069 0.0182491 0.0392754 0.0463990 0.0356339 0.0356339 0.0381294 0.0476116 0.0476116 0.0456421 0.0456421 0.0445173 0.0349245 0.0446751 0.0458049 0.0465114 0.0302893 0.0450206 0.0450206 
Stauridiosarsia_nipponica_GQ424329   0.0381074 0.0389756 0.0375832 0.0372495 0.0390718 0.0342865 0.0365758 0.0426319 0.0369771 0.0396540 0.0449245 0.0414869 0.0384372 0.0240301 0.0378476 0.0433464 0.0390064 0.0407048 0.0234361 0.0460821 0.0276399 0.0436662 0.0474867 0.0423672 0.0392403 0.0000000 0.0180302 0.0000010 0.0129312 0.0451474 0.0468406 0.0206767 0.0565521 0.0567252 0.0393748 0.0650461 0.0684265 0.0339675 0.0324269 0.0324269 0.0316270 0.0433007 0.0433007 0.0405961 0.0406214 0.0172186 0.0443136 0.0382072 0.0365751 0.0453805 0.0341657 0.0577250 0.0445518 0.0445518 0.0237291 0.0420541 0.0525121 0.0408742 0.0408742 0.0448241 0.0499992 0.0499992 0.0497515 0.0497515 0.0517486 0.0372813 0.0489982 0.0507490 0.0506307 0.0145382 0.0495471 0.0495471 
Stauridiosarsia_producta_GQ424331    0.0394886 0.0403767 0.0436042 0.0394886 0.0404786 0.0399305 0.0416988 0.0503652 0.0379215 0.0491052 0.0439426 0.0407178 0.0397971 0.0261743 0.0430486 0.0455324 0.0459015 0.0437452 0.0254816 0.0540765 0.0352319 0.0523564 0.0568142 0.0507866 0.0495201 0.0180302 0.0000000 0.0180563 0.0206219 0.0541670 0.0554163 0.0247513 0.0605532 0.0604572 0.0473128 0.0741808 0.0681711 0.0387097 0.0361230 0.0361230 0.0379058 0.0490929 0.0490929 0.0490974 0.0491304 0.0254996 0.0501851 0.0466520 0.0448703 0.0513382 0.0379329 0.0610792 0.0493278 0.0493278 0.0247718 0.0488079 0.0614767 0.0478492 0.0478492 0.0507888 0.0596904 0.0596904 0.0593840 0.0593840 0.0606775 0.0477019 0.0577421 0.0604614 0.0603210 0.0062296 0.0560262 0.0560262 
Stauridiosarsia_nipponica_EU448096   0.0382256 0.0390968 0.0376981 0.0373646 0.0391936 0.0343902 0.0366867 0.0427638 0.0370928 0.0397805 0.0450708 0.0416189 0.0384372 0.0240999 0.0379642 0.0434852 0.0390064 0.0408343 0.0234361 0.0461934 0.0276803 0.0436662 0.0476347 0.0423672 0.0392403 0.0000010 0.0180563 0.0000000 0.0129492 0.0452560 0.0469186 0.0206767 0.0566967 0.0568194 0.0394378 0.0652694 0.0685477 0.0339675 0.0324269 0.0324269 0.0316270 0.0433007 0.0433007 0.0405961 0.0406214 0.0172186 0.0443136 0.0382687 0.0366338 0.0453805 0.0341657 0.0577250 0.0445518 0.0445518 0.0237660 0.0420541 0.0525121 0.0408742 0.0408742 0.0448241 0.0499992 0.0499992 0.0497515 0.0497515 0.0517486 0.0372813 0.0489982 0.0507490 0.0506307 0.0145599 0.0495471 0.0495471 
Stauridiosarsia_reesi_GQ424334       0.0446066 0.0455451 0.0430263 0.0436794 0.0456661 0.0439916 0.0439339 0.0471908 0.0434229 0.0426459 0.0479710 0.0459388 0.0449714 0.0271887 0.0425821 0.0493016 0.0437970 0.0464332 0.0265678 0.0491515 0.0329135 0.0464400 0.0504659 0.0469271 0.0422118 0.0129312 0.0206219 0.0129492 0.0000000 0.0480427 0.0531914 0.0256773 0.0599191 0.0599585 0.0402740 0.0705419 0.0671721 0.0396839 0.0380736 0.0380736 0.0348285 0.0476370 0.0476370 0.0486479 0.0486808 0.0117853 0.0476012 0.0414961 0.0414767 0.0487129 0.0399231 0.0610783 0.0478620 0.0478620 0.0244250 0.0503364 0.0581816 0.0499943 0.0499943 0.0481618 0.0555414 0.0555414 0.0552546 0.0552546 0.0552546 0.0478198 0.0544683 0.0563178 0.0561839 0.0184982 0.0520088 0.0520088 
Coryne_pusilla_AJ133558              0.0488986 0.0498289 0.0509365 0.0479792 0.0499597 0.0519038 0.0497617 0.0063754 0.0455126 0.0468780 0.0423006 0.0438111 0.0492951 0.0357236 0.0546859 0.0465665 0.0416673 0.0438406 0.0351029 0.0064040 0.0383289 0.0011328 0.0039948 0.0058401 0.0464875 0.0451474 0.0541670 0.0452560 0.0480427 0.0000000 0.0492425 0.0400255 0.0553252 0.0555292 0.0459817 0.0626927 0.0675123 0.0431441 0.0415135 0.0415135 0.0379571 0.0470165 0.0470165 0.0489556 0.0489878 0.0488587 0.0480650 0.0017919 0.0048504 0.0491703 0.0434056 0.0575393 0.0483260 0.0483260 0.0276892 0.0486308 0.0588382 0.0479377 0.0479377 0.0477678 0.0621100 0.0621100 0.0599096 0.0599096 0.0599096 0.0465024 0.0588382 0.0609945 0.0608525 0.0373870 0.0586883 0.0586883 
Eleutheria_claparedii_GQ424320       0.0454737 0.0464161 0.0397770 0.0454737 0.0465398 0.0385355 0.0398710 0.0481275 0.0287435 0.0338053 0.0515114 0.0449692 0.0458412 0.0428920 0.0453681 0.0514280 0.0203412 0.0495382 0.0421170 0.0494174 0.0485708 0.0474399 0.0517689 0.0485694 0.0340656 0.0468406 0.0554163 0.0469186 0.0531914 0.0492425 0.0000000 0.0474809 0.0718943 0.0717768 0.0316173 0.0742234 0.0655280 0.0459109 0.0441972 0.0441972 0.0340863 0.0459238 0.0459238 0.0457526 0.0457830 0.0634826 0.0458888 0.0387707 0.0406340 0.0470031 0.0462018 0.0696684 0.0461438 0.0461438 0.0299068 0.0465435 0.0622649 0.0456752 0.0456752 0.0464362 0.0616135 0.0616135 0.0601211 0.0601211 0.0614481 0.0416363 0.0603459 0.0603459 0.0610802 0.0337715 0.0645614 0.0645614 
Stauridiosarsia_gemmifera_EU876573   0.0401640 0.0410533 0.0389043 0.0392853 0.0411570 0.0397884 0.0378692 0.0383918 0.0354861 0.0409325 0.0412858 0.0373709 0.0392853 0.0228614 0.0392193 0.0428103 0.0353496 0.0401583 0.0220735 0.0401804 0.0287130 0.0382213 0.0423764 0.0376295 0.0400322 0.0206767 0.0247513 0.0206767 0.0256773 0.0400255 0.0474809 0.0000000 0.0538602 0.0538602 0.0419176 0.0616403 0.0641896 0.0306026 0.0290910 0.0290910 0.0354482 0.0467181 0.0467181 0.0486808 0.0487132 0.0267311 0.0477787 0.0343430 0.0343240 0.0488970 0.0307790 0.0545521 0.0480417 0.0480417 0.0232647 0.0483489 0.0530871 0.0437612 0.0437612 0.0483441 0.0525797 0.0525797 0.0523143 0.0523143 0.0523143 0.0424838 0.0495263 0.0533412 0.0532157 0.0170675 0.0471595 0.0471595 
Pennaria_disticha_GQ424342           0.0536261 0.0546064 0.0543330 0.0526576 0.0547920 0.0545503 0.0531762 0.0525995 0.0538115 0.0579759 0.0650143 0.0614050 0.0541507 0.0519780 0.0619433 0.0680193 0.0593871 0.0648610 0.0514046 0.0567084 0.0580061 0.0537820 0.0568671 0.0524729 0.0577365 0.0565521 0.0605532 0.0566967 0.0599191 0.0553252 0.0718943 0.0538602 0.0000000 0.0000010 0.0584969 0.0219462 0.0732708 0.0503499 0.0486379 0.0486379 0.0457118 0.0543126 0.0543126 0.0554793 0.0555177 0.0561677 0.0554453 0.0505476 0.0497047 0.0566442 0.0506660 0.0011491 0.0557564 0.0557564 0.0401337 0.0552050 0.0628683 0.0563931 0.0563931 0.0561179 0.0633533 0.0633533 0.0630206 0.0630206 0.0630206 0.0581050 0.0619124 0.0630206 0.0639930 0.0409897 0.0617520 0.0617520 
Pennaria_disticha_EU883545           0.0538213 0.0548059 0.0545307 0.0528486 0.0549571 0.0546735 0.0532951 0.0527870 0.0540111 0.0581943 0.0652669 0.0616398 0.0542659 0.0521668 0.0621742 0.0682857 0.0595196 0.0651128 0.0514046 0.0568357 0.0580872 0.0537820 0.0570354 0.0524729 0.0577365 0.0567252 0.0604572 0.0568194 0.0599585 0.0555292 0.0717768 0.0538602 0.0000010 0.0000000 0.0584057 0.0219913 0.0736288 0.0503499 0.0486379 0.0486379 0.0457118 0.0543126 0.0543126 0.0554793 0.0555177 0.0561677 0.0554453 0.0504722 0.0496306 0.0566442 0.0506660 0.0011491 0.0557564 0.0557564 0.0400754 0.0552050 0.0628683 0.0563931 0.0563931 0.0561179 0.0633533 0.0633533 0.0630206 0.0630206 0.0630206 0.0581050 0.0619124 0.0630206 0.0639930 0.0409288 0.0617520 0.0617520 
Eleutheria_dichotoma_GQ424321        0.0415631 0.0432859 0.0366464 0.0423706 0.0433982 0.0384365 0.0356331 0.0466124 0.0243523 0.0230248 0.0493757 0.0428724 0.0418928 0.0318409 0.0403368 0.0491819 0.0182562 0.0481925 0.0311229 0.0461782 0.0326863 0.0442950 0.0484514 0.0469859 0.0231909 0.0393748 0.0473128 0.0394378 0.0402740 0.0459817 0.0316173 0.0419176 0.0584969 0.0584057 0.0000000 0.0608475 0.0684714 0.0344651 0.0328977 0.0328977 0.0261228 0.0325456 0.0325456 0.0343315 0.0343513 0.0457845 0.0334263 0.0363765 0.0397599 0.0343463 0.0346695 0.0559420 0.0335944 0.0335944 0.0225437 0.0340501 0.0423683 0.0367326 0.0367326 0.0337828 0.0430439 0.0430439 0.0416253 0.0416253 0.0416253 0.0374331 0.0406933 0.0417710 0.0424697 0.0317227 0.0421035 0.0421035 
Pennaria_disticha_KT722421           0.0656066 0.0666932 0.0629392 0.0645330 0.0668923 0.0634833 0.0615776 0.0582527 0.0598209 0.0571856 0.0706303 0.0667843 0.0662932 0.0627574 0.0679665 0.0738042 0.0606694 0.0704679 0.0621969 0.0634539 0.0693797 0.0610582 0.0642920 0.0581989 0.0569408 0.0650461 0.0741808 0.0652694 0.0705419 0.0626927 0.0742234 0.0616403 0.0219462 0.0219913 0.0608475 0.0000000 0.0829576 0.0571143 0.0553019 0.0553019 0.0475126 0.0560705 0.0560705 0.0576344 0.0576758 0.0667333 0.0572475 0.0512621 0.0509170 0.0584941 0.0574892 0.0206445 0.0575778 0.0575778 0.0422124 0.0573718 0.0658891 0.0614549 0.0614549 0.0579625 0.0655874 0.0655874 0.0660516 0.0660516 0.0648891 0.0616884 0.0648891 0.0663066 0.0670688 0.0426907 0.0693254 0.0693254 
Pennaria_sp_GQ424343                 0.0572198 0.0582349 0.0557865 0.0572198 0.0583999 0.0538723 0.0559753 0.0675275 0.0572801 0.0683996 0.0661622 0.0652717 0.0583756 0.0562073 0.0615755 0.0728918 0.0612713 0.0707231 0.0553371 0.0691522 0.0610241 0.0655036 0.0692332 0.0670084 0.0688342 0.0684265 0.0681711 0.0685477 0.0671721 0.0675123 0.0655280 0.0641896 0.0732708 0.0736288 0.0684714 0.0829576 0.0000000 0.0564938 0.0547005 0.0547005 0.0445066 0.0562576 0.0562576 0.0564371 0.0564769 0.0755018 0.0562135 0.0568209 0.0609383 0.0574334 0.0568611 0.0716566 0.0565330 0.0565330 0.0403130 0.0574391 0.0541875 0.0658378 0.0658378 0.0569044 0.0536440 0.0536440 0.0539922 0.0539922 0.0552203 0.0581421 0.0559997 0.0550263 0.0548977 0.0525876 0.0611395 0.0611395 
Sphaerocorynidae_sp_LT714177         0.0151558 0.0151558 0.0113796 0.0151558 0.0159170 0.0127655 0.0106642 0.0430150 0.0332407 0.0336015 0.0307054 0.0306326 0.0151558 0.0215391 0.0189992 0.0322419 0.0289730 0.0322419 0.0207362 0.0442062 0.0278153 0.0420752 0.0465313 0.0430150 0.0336015 0.0339675 0.0387097 0.0339675 0.0396839 0.0431441 0.0459109 0.0306026 0.0503499 0.0503499 0.0344651 0.0571143 0.0564938 0.0000000 0.0011961 0.0011961 0.0135162 0.0178496 0.0178496 0.0193979 0.0193849 0.0415994 0.0186137 0.0370791 0.0387288 0.0194028 0.0000010 0.0504224 0.0186666 0.0186666 0.0169416 0.0190114 0.0260343 0.0122641 0.0122641 0.0186262 0.0269448 0.0269448 0.0253501 0.0253501 0.0253501 0.0155338 0.0260343 0.0261469 0.0260912 0.0292764 0.0199366 0.0199366 
Zancleopsis_dichotoma_MZ457895       0.0137929 0.0137929 0.0113948 0.0137929 0.0145429 0.0127824 0.0106785 0.0413884 0.0317002 0.0320419 0.0291896 0.0291007 0.0137929 0.0201315 0.0190102 0.0318242 0.0274764 0.0318242 0.0193397 0.0425285 0.0263463 0.0404582 0.0448797 0.0413884 0.0320419 0.0324269 0.0361230 0.0324269 0.0380736 0.0415135 0.0441972 0.0290910 0.0486379 0.0486379 0.0328977 0.0553019 0.0547005 0.0011961 0.0000000 0.0000010 0.0135348 0.0164762 0.0164762 0.0180041 0.0179919 0.0399348 0.0172304 0.0354603 0.0371004 0.0180083 0.0011961 0.0487076 0.0172419 0.0172419 0.0155372 0.0175015 0.0245911 0.0108812 0.0108812 0.0172419 0.0254868 0.0254868 0.0239081 0.0239081 0.0239081 0.0141756 0.0245911 0.0246969 0.0246446 0.0277260 0.0199609 0.0199609 
Zancleopsis_dichotoma_MZ457830       0.0137929 0.0137929 0.0113948 0.0137929 0.0145429 0.0127824 0.0106785 0.0413884 0.0317002 0.0320419 0.0291896 0.0291007 0.0137929 0.0201315 0.0190102 0.0318242 0.0274764 0.0318242 0.0193397 0.0425285 0.0263463 0.0404582 0.0448797 0.0413884 0.0320419 0.0324269 0.0361230 0.0324269 0.0380736 0.0415135 0.0441972 0.0290910 0.0486379 0.0486379 0.0328977 0.0553019 0.0547005 0.0011961 0.0000010 0.0000000 0.0135348 0.0164762 0.0164762 0.0180041 0.0179919 0.0399348 0.0172304 0.0354603 0.0371004 0.0180083 0.0011961 0.0487076 0.0172419 0.0172419 0.0155372 0.0175015 0.0245911 0.0108812 0.0108812 0.0172419 0.0254868 0.0254868 0.0239081 0.0239081 0.0239081 0.0141756 0.0245911 0.0246969 0.0246446 0.0277260 0.0199609 0.0199609 
Zanclea_costata_EU876579             0.0140160 0.0140160 0.0102932 0.0140160 0.0147801 0.0109486 0.0102736 0.0361349 0.0247121 0.0270505 0.0312492 0.0297090 0.0140421 0.0232883 0.0172697 0.0335066 0.0264885 0.0335066 0.0224611 0.0389710 0.0253116 0.0369395 0.0404226 0.0362095 0.0271029 0.0316270 0.0379058 0.0316270 0.0348285 0.0379571 0.0340863 0.0354482 0.0457118 0.0457118 0.0261228 0.0475126 0.0445066 0.0135162 0.0135348 0.0135348 0.0000000 0.0057422 0.0057422 0.0057279 0.0057305 0.0373540 0.0057422 0.0352409 0.0361349 0.0064201 0.0135909 0.0457458 0.0057694 0.0057694 0.0219852 0.0051742 0.0178607 0.0178568 0.0178568 0.0057572 0.0193597 0.0193597 0.0186281 0.0186281 0.0178607 0.0112015 0.0193211 0.0186281 0.0193631 0.0341089 0.0186948 0.0186948 
Zanclea_sango_LT606971               0.0171398 0.0185772 0.0126819 0.0178369 0.0186166 0.0148044 0.0126579 0.0408492 0.0358044 0.0377368 0.0447561 0.0456227 0.0171398 0.0333263 0.0201857 0.0503062 0.0372334 0.0493099 0.0324070 0.0472573 0.0373059 0.0450872 0.0495783 0.0408492 0.0377368 0.0433007 0.0490929 0.0433007 0.0476370 0.0470165 0.0459238 0.0467181 0.0543126 0.0543126 0.0325456 0.0560705 0.0562576 0.0178496 0.0164762 0.0164762 0.0057422 0.0000000 0.0000010 0.0011831 0.0011836 0.0515201 0.0000010 0.0377435 0.0368917 0.0005887 0.0179459 0.0528669 0.0000010 0.0000010 0.0215551 0.0006005 0.0228718 0.0248245 0.0248245 0.0000010 0.0235170 0.0235170 0.0236416 0.0236416 0.0236416 0.0142223 0.0228718 0.0244200 0.0243689 0.0375217 0.0256477 0.0256477 
Zanclea_sp_LT606969                  0.0171398 0.0185772 0.0126819 0.0178369 0.0186166 0.0148044 0.0126579 0.0408492 0.0358044 0.0377368 0.0447561 0.0456227 0.0171398 0.0333263 0.0201857 0.0503062 0.0372334 0.0493099 0.0324070 0.0472573 0.0373059 0.0450872 0.0495783 0.0408492 0.0377368 0.0433007 0.0490929 0.0433007 0.0476370 0.0470165 0.0459238 0.0467181 0.0543126 0.0543126 0.0325456 0.0560705 0.0562576 0.0178496 0.0164762 0.0164762 0.0057422 0.0000010 0.0000000 0.0011831 0.0011836 0.0515201 0.0000010 0.0377435 0.0368917 0.0005887 0.0179459 0.0528669 0.0000010 0.0000010 0.0215551 0.0006005 0.0228718 0.0248245 0.0248245 0.0000010 0.0235170 0.0235170 0.0236416 0.0236416 0.0236416 0.0142223 0.0228718 0.0244200 0.0243689 0.0375217 0.0256477 0.0256477 
Zanclea_sp_LT606968                  0.0163293 0.0177483 0.0141088 0.0170183 0.0177854 0.0133701 0.0140817 0.0427062 0.0348586 0.0396704 0.0446008 0.0454666 0.0163293 0.0351664 0.0217332 0.0501267 0.0391739 0.0491349 0.0342244 0.0492094 0.0392101 0.0469961 0.0515490 0.0427062 0.0396704 0.0405961 0.0490974 0.0405961 0.0486479 0.0489556 0.0457526 0.0486808 0.0554793 0.0554793 0.0343315 0.0576344 0.0564371 0.0193979 0.0180041 0.0180041 0.0057279 0.0011831 0.0011831 0.0000000 0.0000010 0.0527393 0.0011831 0.0396071 0.0387452 0.0017848 0.0195037 0.0540113 0.0011883 0.0011883 0.0232257 0.0005991 0.0228070 0.0231794 0.0231794 0.0011937 0.0219290 0.0219290 0.0220433 0.0220433 0.0235741 0.0141849 0.0228070 0.0228070 0.0227599 0.0364385 0.0273136 0.0273136 
Zanclea_sp_LT606967                  0.0163374 0.0177573 0.0141156 0.0170268 0.0177944 0.0133765 0.0140884 0.0427333 0.0348791 0.0396949 0.0446300 0.0454960 0.0163374 0.0351873 0.0217444 0.0501605 0.0391982 0.0491679 0.0342446 0.0492420 0.0392339 0.0470266 0.0515833 0.0427333 0.0396949 0.0406214 0.0491304 0.0406214 0.0486808 0.0489878 0.0457830 0.0487132 0.0555177 0.0555177 0.0343513 0.0576758 0.0564769 0.0193849 0.0179919 0.0179919 0.0057305 0.0011836 0.0011836 0.0000010 0.0000000 0.0527765 0.0011836 0.0396324 0.0387699 0.0017855 0.0194905 0.0540481 0.0011876 0.0011876 0.0232385 0.0005988 0.0227917 0.0231636 0.0231636 0.0011930 0.0219144 0.0219144 0.0220286 0.0220286 0.0235582 0.0141756 0.0227917 0.0227917 0.0227447 0.0364616 0.0272951 0.0272951 
Stauridiosarsia_ophiogaster_GQ424335 0.0478289 0.0488134 0.0472716 0.0478289 0.0489491 0.0474328 0.0460836 0.0469963 0.0455096 0.0447821 0.0496075 0.0497553 0.0478289 0.0314947 0.0469430 0.0509167 0.0488443 0.0490195 0.0305957 0.0499020 0.0394820 0.0469303 0.0514109 0.0469963 0.0447821 0.0172186 0.0254996 0.0172186 0.0117853 0.0488587 0.0634826 0.0267311 0.0561677 0.0561677 0.0457845 0.0667333 0.0755018 0.0415994 0.0399348 0.0399348 0.0373540 0.0515201 0.0515201 0.0527393 0.0527765 0.0000000 0.0526635 0.0398370 0.0398176 0.0538723 0.0418575 0.0580197 0.0529668 0.0529668 0.0267988 0.0524310 0.0634281 0.0536720 0.0536720 0.0533181 0.0629362 0.0629362 0.0626024 0.0626024 0.0603704 0.0466365 0.0595590 0.0637337 0.0635830 0.0179754 0.0596662 0.0596662 
Zanclea_sp_LT606970                  0.0178985 0.0193486 0.0126741 0.0186009 0.0193900 0.0148044 0.0133615 0.0418430 0.0367346 0.0377100 0.0447561 0.0456227 0.0178985 0.0342337 0.0201729 0.0503062 0.0372067 0.0493099 0.0333032 0.0483132 0.0372797 0.0461165 0.0506481 0.0418430 0.0377100 0.0443136 0.0501851 0.0443136 0.0476012 0.0480650 0.0458888 0.0477787 0.0554453 0.0554453 0.0334263 0.0572475 0.0562135 0.0186137 0.0172304 0.0172304 0.0057422 0.0000010 0.0000010 0.0011831 0.0011836 0.0526635 0.0000000 0.0387354 0.0378767 0.0005884 0.0187146 0.0539777 0.0000010 0.0000010 0.0223789 0.0006005 0.0228718 0.0248245 0.0248245 0.0000010 0.0235170 0.0235170 0.0236416 0.0236416 0.0236416 0.0142223 0.0228718 0.0244200 0.0243689 0.0385283 0.0264692 0.0264692 
Coryne_pintneri_GQ424330             0.0421037 0.0421037 0.0432855 0.0421037 0.0431547 0.0442523 0.0421392 0.0023916 0.0344742 0.0348214 0.0344917 0.0360216 0.0424467 0.0287497 0.0478681 0.0369591 0.0328646 0.0369591 0.0280256 0.0036333 0.0312995 0.0011913 0.0036035 0.0024073 0.0350967 0.0382072 0.0466520 0.0382687 0.0414961 0.0017919 0.0387707 0.0343430 0.0505476 0.0504722 0.0363765 0.0512621 0.0568209 0.0370791 0.0354603 0.0354603 0.0352409 0.0377435 0.0377435 0.0396071 0.0396324 0.0398370 0.0387354 0.0000000 0.0023916 0.0397759 0.0373050 0.0507138 0.0389470 0.0389470 0.0251780 0.0396102 0.0495115 0.0396263 0.0396263 0.0388533 0.0523716 0.0523716 0.0514565 0.0514565 0.0514565 0.0408259 0.0504183 0.0514565 0.0523806 0.0353837 0.0511874 0.0511874 
Coryne_muscoides_GQ424327            0.0437548 0.0437548 0.0441083 0.0437548 0.0448216 0.0450792 0.0429518 0.0000010 0.0345326 0.0365652 0.0361227 0.0376579 0.0441123 0.0302567 0.0461271 0.0386058 0.0346080 0.0386058 0.0295289 0.0048237 0.0328348 0.0042321 0.0067065 0.0000010 0.0368565 0.0365751 0.0448703 0.0366338 0.0414767 0.0048504 0.0406340 0.0343240 0.0497047 0.0496306 0.0397599 0.0509170 0.0609383 0.0387288 0.0371004 0.0371004 0.0361349 0.0368917 0.0368917 0.0387452 0.0387699 0.0398176 0.0378767 0.0023916 0.0000000 0.0389095 0.0389653 0.0509447 0.0380834 0.0380834 0.0259894 0.0387314 0.0525124 0.0413281 0.0413281 0.0379918 0.0535585 0.0535585 0.0535677 0.0535677 0.0535677 0.0425150 0.0506696 0.0546365 0.0545041 0.0346605 0.0530015 0.0530015 
Zanclea_sp_LT606981                  0.0186816 0.0201459 0.0133896 0.0193900 0.0201894 0.0155448 0.0140841 0.0428870 0.0377087 0.0386969 0.0458544 0.0467096 0.0186816 0.0351823 0.0209531 0.0514607 0.0381968 0.0504534 0.0342395 0.0494266 0.0382514 0.0471996 0.0517777 0.0428870 0.0386969 0.0453805 0.0513382 0.0453805 0.0487129 0.0491703 0.0470031 0.0488970 0.0566442 0.0566442 0.0343463 0.0584941 0.0574334 0.0194028 0.0180083 0.0180083 0.0064201 0.0005887 0.0005887 0.0017848 0.0017855 0.0538723 0.0005884 0.0397759 0.0389095 0.0000000 0.0195087 0.0551525 0.0005909 0.0005909 0.0232329 0.0012079 0.0236964 0.0239817 0.0239817 0.0005936 0.0243443 0.0243443 0.0244744 0.0244744 0.0244744 0.0149631 0.0236964 0.0252613 0.0252080 0.0395843 0.0273232 0.0273232 
Zancleopsis_cabela_MZ457831          0.0152375 0.0152375 0.0114384 0.0152375 0.0160033 0.0128321 0.0107189 0.0432751 0.0334349 0.0338001 0.0308828 0.0307873 0.0152375 0.0216571 0.0190883 0.0324285 0.0291390 0.0324285 0.0208492 0.0444427 0.0279721 0.0423286 0.0468149 0.0432751 0.0338001 0.0341657 0.0379329 0.0341657 0.0399231 0.0434056 0.0462018 0.0307790 0.0506660 0.0506660 0.0346695 0.0574892 0.0568611 0.0000010 0.0011961 0.0011961 0.0135909 0.0179459 0.0179459 0.0195037 0.0194905 0.0418575 0.0187146 0.0373050 0.0389653 0.0195087 0.0000000 0.0507394 0.0187272 0.0187272 0.0170352 0.0190114 0.0261790 0.0122641 0.0122641 0.0187272 0.0270958 0.0270958 0.0254912 0.0254912 0.0254912 0.0155930 0.0261790 0.0262929 0.0262366 0.0294501 0.0200445 0.0200445 
Pennaria_disticha_AY920762           0.0537963 0.0547949 0.0545159 0.0537963 0.0549483 0.0546606 0.0532629 0.0538691 0.0526295 0.0579319 0.0654159 0.0617314 0.0540224 0.0531039 0.0633201 0.0684340 0.0591568 0.0663628 0.0520834 0.0589904 0.0591068 0.0556193 0.0591788 0.0540923 0.0581833 0.0577250 0.0610792 0.0577250 0.0610783 0.0575393 0.0696684 0.0545521 0.0011491 0.0011491 0.0559420 0.0206445 0.0716566 0.0504224 0.0487076 0.0487076 0.0457458 0.0528669 0.0528669 0.0540113 0.0540481 0.0580197 0.0539777 0.0507138 0.0509447 0.0551525 0.0507394 0.0000000 0.0542773 0.0542773 0.0402638 0.0537263 0.0633186 0.0564775 0.0564775 0.0546247 0.0630396 0.0630396 0.0634726 0.0634726 0.0634726 0.0585001 0.0623556 0.0637114 0.0644522 0.0411255 0.0618464 0.0618464 
