11
Lepus_europaeus          0.0000000 0.1265157 0.1316403 0.1577141 0.1567380 0.1384858 0.1527543 0.1660527 0.1678602 0.3291266 0.3372525 
Mus_musculus             0.1265157 0.0000000 0.1246175 0.1649859 0.1637863 0.1526505 0.1470701 0.1505745 0.1595433 0.3399075 0.3156063 
Homo_sapiens             0.1316403 0.1246175 0.0000000 0.1614479 0.1717501 0.1537062 0.1522501 0.1713166 0.1663807 0.3332559 0.3367899 
Equus_hemionus           0.1577141 0.1649859 0.1614479 0.0000000 0.1153598 0.1325216 0.1305535 0.1774161 0.1870203 0.3413268 0.3480191 
Balaenoptera_musculus    0.1567380 0.1637863 0.1717501 0.1153598 0.0000000 0.1407618 0.1437668 0.1780064 0.1852809 0.3551132 0.3647494 
Panthera_leo             0.1384858 0.1526505 0.1537062 0.1325216 0.1407618 0.0000000 0.1446902 0.1640329 0.1804399 0.3478193 0.3347961 
Corynorhinus_townsendii  0.1527543 0.1470701 0.1522501 0.1305535 0.1437668 0.1446902 0.0000000 0.1760694 0.1775520 0.3489617 0.3538541 
Loxodonta_africana       0.1660527 0.1505745 0.1713166 0.1774161 0.1780064 0.1640329 0.1760694 0.0000000 0.1788274 0.3202416 0.3568135 
Dasypus_novemcinctus     0.1678602 0.1595433 0.1663807 0.1870203 0.1852809 0.1804399 0.1775520 0.1788274 0.0000000 0.3287003 0.3360726 
Macropus_giganteus       0.3291266 0.3399075 0.3332559 0.3413268 0.3551132 0.3478193 0.3489617 0.3202416 0.3287003 0.0000000 0.4007822 
Ornithorhynchus_anatinus 0.3372525 0.3156063 0.3367899 0.3480191 0.3647494 0.3347961 0.3538541 0.3568135 0.3360726 0.4007822 0.0000000 
