11
Lepus_europaeus          0.0000000 0.1511946 0.1498782 0.1570477 0.1467692 0.1483247 0.1496475 0.1562748 0.1766836 0.3173181 0.3629850 
Mus_musculus             0.1511946 0.0000000 0.1789474 0.1844397 0.1740310 0.1703957 0.1780253 0.1771071 0.2076763 0.3621523 0.3999417 
Homo_sapiens             0.1498782 0.1789474 0.0000000 0.1793821 0.1627826 0.1656739 0.1678340 0.1789330 0.1900706 0.3475177 0.3837612 
Equus_hemionus           0.1570477 0.1844397 0.1793821 0.0000000 0.1184460 0.1296305 0.1415552 0.1726093 0.1899080 0.3406989 0.3644693 
Balaenoptera_musculus    0.1467692 0.1740310 0.1627826 0.1184460 0.0000000 0.1211531 0.1341597 0.1633323 0.1629063 0.3137275 0.3405996 
Panthera_leo             0.1483247 0.1703957 0.1656739 0.1296305 0.1211531 0.0000000 0.1258790 0.1614423 0.1733277 0.3212267 0.3542775 
Corynorhinus_townsendii  0.1496475 0.1780253 0.1678340 0.1415552 0.1341597 0.1258790 0.0000000 0.1665366 0.1786973 0.3261061 0.3685778 
Loxodonta_africana       0.1562748 0.1771071 0.1789330 0.1726093 0.1633323 0.1614423 0.1665366 0.0000000 0.1583936 0.3190953 0.3797496 
Dasypus_novemcinctus     0.1766836 0.2076763 0.1900706 0.1899080 0.1629063 0.1733277 0.1786973 0.1583936 0.0000000 0.3346837 0.3879527 
Macropus_giganteus       0.3173181 0.3621523 0.3475177 0.3406989 0.3137275 0.3212267 0.3261061 0.3190953 0.3346837 0.0000000 0.3542571 
Ornithorhynchus_anatinus 0.3629850 0.3999417 0.3837612 0.3644693 0.3405996 0.3542775 0.3685778 0.3797496 0.3879527 0.3542571 0.0000000 
