11
Lepus_europaeus          0.0000000 0.1432598 0.1719161 0.1984359 0.1849501 0.2018462 0.1877178 0.1910184 0.2012886 0.3747680 0.3852607 
Mus_musculus             0.1432598 0.0000000 0.1617496 0.1716054 0.1564245 0.1810242 0.1718119 0.1789708 0.1683942 0.3643209 0.3660631 
Homo_sapiens             0.1719161 0.1617496 0.0000000 0.1908171 0.1626249 0.1854156 0.1795184 0.1885502 0.1911627 0.3618003 0.3647079 
Equus_hemionus           0.1984359 0.1716054 0.1908171 0.0000000 0.1113913 0.1604530 0.1565023 0.1902005 0.1922050 0.3872666 0.3795164 
Balaenoptera_musculus    0.1849501 0.1564245 0.1626249 0.1113913 0.0000000 0.1371489 0.1317612 0.1679577 0.1724975 0.3526887 0.3620798 
Panthera_leo             0.2018462 0.1810242 0.1854156 0.1604530 0.1371489 0.0000000 0.1632455 0.1916895 0.1944540 0.3978340 0.3864917 
Corynorhinus_townsendii  0.1877178 0.1718119 0.1795184 0.1565023 0.1317612 0.1632455 0.0000000 0.1830995 0.1841136 0.3755276 0.3708994 
Loxodonta_africana       0.1910184 0.1789708 0.1885502 0.1902005 0.1679577 0.1916895 0.1830995 0.0000000 0.1718198 0.3667298 0.3602718 
Dasypus_novemcinctus     0.2012886 0.1683942 0.1911627 0.1922050 0.1724975 0.1944540 0.1841136 0.1718198 0.0000000 0.3756712 0.3443887 
Macropus_giganteus       0.3747680 0.3643209 0.3618003 0.3872666 0.3526887 0.3978340 0.3755276 0.3667298 0.3756712 0.0000000 0.3939155 
Ornithorhynchus_anatinus 0.3852607 0.3660631 0.3647079 0.3795164 0.3620798 0.3864917 0.3708994 0.3602718 0.3443887 0.3939155 0.0000000 
